cohort allele allele_count all_alleles_count
0 1 238 1000000
1 1 304 1000000
2 0 11 1
2 1 201 1
2 1 212 999999
3 0 5 1
3 1 366 1
3 1 371 999999
3 2 27 1000000
3 3 13 1000000
3 4 4 1000000
4 0 13 1
4 1 293 1
4 1 306 999999
4 2 21 1000000
4 3 23 1000000
4 4 16 1000000
4 5 21 1000000
4 6 6 1000000
5 1 124 1000000
5 2 7 1000000
5 3 2 1000000
5 4 13 1000000
5 5 2 1000000
5 7 3 1000000
5 9 2 1000000
6 0 10 1
6 1 224 1
6 1 229 3924
6 1 230 31603
6 1 231 109414
6 1 232 218677
6 1 233 273077
6 1 234 218733
6 1 235 108956
6 1 236 31643
6 1 237 3972
6 2 22 3860
6 2 23 31271
6 2 24 109561
6 2 25 218148
6 2 26 273007
6 2 27 219396
6 2 28 109620
6 2 29 31201
6 2 30 3936
6 3 19 125104
6 3 20 375290
6 3 21 375332
6 3 22 124274
6 4 21 125310
6 4 22 374404
6 4 23 374951
6 4 24 125335
6 5 6 1000000
6 6 5 1000000
6 7 24 1000000
6 8 8 1000000
6 9 11 1000000
6 10 2 1000000
7 0 109 1
7 1 176 1
7 1 256 74
7 1 257 888
7 1 258 5427
7 1 259 21997
7 1 260 61390
7 1 261 121888
7 1 262 182542
7 1 263 210024
7 1 264 183265
7 1 265 122666
7 1 266 61120
7 1 267 22299
7 1 268 5456
7 1 269 902
7 1 270 61
7 2 12 1
7 2 19 3882
7 2 20 31435
7 2 21 109949
7 2 22 218130
7 2 23 274061
7 2 24 218371
7 2 25 109484
7 2 26 30874
7 2 27 3813
7 3 22 3900
7 3 23 31219
7 3 24 109096
7 3 25 219293
7 3 26 272587
7 3 27 219874
7 3 28 109013
7 3 29 31152
7 3 30 3866
7 4 25 1
7 4 27 62395
7 4 28 250815
7 4 29 374617
7 4 30 249932
7 4 31 62240
7 5 8 249697
7 5 9 500081
7 5 10 250222
7 6 5 124968
7 6 6 374972
7 6 7 375258
7 6 8 124802
7 7 21 124550
7 7 22 375295
7 7 23 375238
7 7 24 124917
7 8 15 1000000
7 9 35 1000000
7 10 11 1000000
7 11 11 1000000
7 12 2 1000000
8 0 92 1
8 1 48 1
8 1 122 125076
8 1 123 250129
8 1 124 250101
8 1 125 249351
8 1 126 125342
8 2 2 1
8 2 5 249535
8 2 6 250726
8 2 7 249821
8 2 8 249917
8 3 10 500644
8 3 11 499356
8 4 19 1
8 4 26 249875
8 4 27 499480
8 4 28 250644
8 5 2 1000000
8 6 4 1
8 6 7 999999
8 7 15 1000000
8 8 10 1000000
8 9 15 1000000
8 10 13 1000000
8 11 6 1000000
8 12 15 1000000
8 13 7 1000000
9 0 14 1
9 1 229 2
9 1 231 22
9 1 232 94
9 1 233 314
9 1 234 958
9 1 235 2488
9 1 236 5784
9 1 237 11970
9 1 238 22477
9 1 239 38043
9 1 240 58360
9 1 241 80560
9 1 242 101124
9 1 243 117072
9 1 244 122117
9 1 245 116762
9 1 246 101134
9 1 247 80379
9 1 248 58200
9 1 249 37741
9 1 250 22414
9 1 251 12180
9 1 252 5906
9 1 253 2504
9 1 254 931
9 1 255 361
9 1 256 75
9 1 257 21
9 1 258 7
9 2 19 252
9 2 20 2793
9 2 21 13513
9 2 22 42974
9 2 23 93593
9 2 24 152943
9 2 25 193713
9 2 26 194074
9 2 27 153123
9 2 28 93513
9 2 29 42812
9 2 30 13708
9 2 31 2730
9 2 32 259
9 3 10 7702
9 3 11 55127
9 3 12 163604
9 3 13 272947
9 3 14 273893
9 3 15 163903
9 3 16 54836
9 3 17 7988
9 4 39 11
9 4 40 102
9 4 41 658
9 4 42 2926
9 4 43 9690
9 4 44 25942
9 4 45 55282
9 4 46 96762
9 4 47 140367
9 4 48 168011
9 4 49 168861
9 4 50 139841
9 4 51 96815
9 4 52 55705
9 4 53 25776
9 4 54 9612
9 4 55 2880
9 4 56 644
9 4 57 104
9 4 58 10
9 4 59 1
9 5 2 499541
9 5 3 500459
9 6 19 1
9 6 21 500317
9 6 22 499682
9 7 21 62903
9 7 22 250157
9 7 23 374753
9 7 24 249790
9 7 25 62397
9 8 28 124709
9 8 29 374544
9 8 30 376004
9 8 31 124743
9 9 30 1000000
9 10 11 1000000
9 11 13 1000000
9 12 27 1000000
9 13 28 1000000
9 14 11 1000000
9 15 14 1000000
9 16 4 1000000
10 0 10 1
10 1 139 1
10 1 140 11
10 1 141 44
10 1 142 172
10 1 143 582
10 1 144 1720
10 1 145 4317
10 1 146 10068
10 1 147 19786
10 1 148 34953
10 1 149 56530
10 1 150 80423
10 1 151 105160
10 1 152 122135
10 1 153 128628
10 1 154 122399
10 1 155 104476
10 1 156 80913
10 1 157 56087
10 1 158 35211
10 1 159 19724
10 1 160 9750
10 1 161 4340
10 1 162 1704
10 1 163 606
10 1 164 197
10 1 165 53
10 1 166 5
10 1 167 5
10 2 15 125147
10 2 16 374917
10 2 17 374447
10 2 18 125489
10 3 6 977
10 3 7 9772
10 3 8 44420
10 3 9 116938
10 3 10 204214
10 3 11 247035
10 3 12 204642
10 3 13 117196
10 3 14 44052
10 3 15 9732
10 3 16 1022
10 4 26 48
10 4 27 879
10 4 28 5529
10 4 29 22323
10 4 30 61147
10 4 31 122258
10 4 32 182934
10 4 33 209101
10 4 34 183220
10 4 35 122482
10 4 36 61472
10 4 37 22104
10 4 38 5616
10 4 39 827
10 4 40 60
10 5 5 124755
10 5 6 375555
10 5 7 374397
10 5 8 125293
10 6 12 1000000
10 7 15 966
10 7 16 9792
10 7 17 43930
10 7 18 116814
10 7 19 204798
10 7 20 246428
10 7 21 205936
10 7 22 117024
10 7 23 43790
10 7 24 9571
10 7 25 951
10 8 13 124660
10 8 14 374946
10 8 15 375672
10 8 16 124722
10 9 14 249362
10 9 15 501237
10 9 16 249401
10 10 12 1000000
10 11 2 500199
10 11 3 499801
10 12 20 249807
10 12 21 500249
10 12 22 249944
10 13 25 1000000
10 14 9 1000000
10 15 14 1000000
10 16 8 1000000
10 17 4 1000000
11 0 88 1
11 1 80 1
11 1 122 1
11 1 123 3
11 1 124 27
11 1 125 87
11 1 126 332
11 1 127 966
11 1 128 2439
11 1 129 5879
11 1 130 12136
11 1 131 22515
11 1 132 37859
11 1 133 58185
11 1 134 80525
11 1 135 101407
11 1 136 116835
11 1 137 121913
11 1 138 116572
11 1 139 101678
11 1 140 80605
11 1 141 57983
11 1 142 37921
11 1 143 22492
11 1 144 11991
11 1 145 5786
11 1 146 2484
11 1 147 928
11 1 148 313
11 1 149 102
11 1 150 27
11 1 151 6
11 1 152 1
11 1 153 1
11 2 14 31533
11 2 15 125069
11 2 16 218883
11 2 17 250793
11 2 18 217982
11 2 19 124715
11 2 20 31025
11 3 1 16
11 3 2 226
11 3 3 1759
11 3 4 8401
11 3 5 27655
11 3 6 66818
11 3 7 122535
11 3 8 174238
11 3 9 195672
11 3 10 174666
11 3 11 122736
11 3 12 66561
11 3 13 28112
11 3 14 8449
11 3 15 1925
11 3 16 214
11 3 17 17
11 4 17 1
11 4 21 2
11 4 22 21
11 4 23 326
11 4 24 1969
11 4 25 7205
11 4 26 21227
11 4 27 48654
11 4 28 88048
11 4 29 131932
11 4 30 162620
11 4 31 167118
11 4 32 145093
11 4 33 105545
11 4 34 64995
11 4 35 33506
11 4 36 14841
11 4 37 5138
11 4 38 1408
11 4 39 292
11 4 40 52
11 4 41 7
11 5 1 234283
11 5 2 304897
11 5 3 218200
11 5 4 117835
11 5 5 46880
11 5 6 7656
11 6 16 1
11 6 17 125153
11 6 18 374883
11 6 19 375350
11 6 20 124613
11 7 3 124828
11 7 4 374768
11 7 5 375220
11 7 6 125184
11 8 8 1
11 8 11 250055
11 8 12 499159
11 8 13 250785
11 9 17 3843
11 9 18 31375
11 9 19 109478
11 9 20 218535
11 9 21 273041
11 9 22 219582
11 9 23 109320
11 9 24 30996
11 9 25 3830
11 10 8 1000000
11 11 4 250121
11 11 5 499921
11 11 6 249958
11 12 15 124932
11 12 16 375731
11 12 17 375086
11 12 18 124251
11 13 12 62232
11 13 13 250347
11 13 14 374428
11 13 15 250458
11 13 16 62535
11 14 9 1000000
11 15 18 1000000
11 16 21 125229
11 16 22 374587
11 16 23 375006
11 16 24 125178
11 17 29 1000000
11 18 2 1000000
11 19 7 1000000
11 20 1 1000000
12 0 18 1
12 0 283 1
12 1 21 1
12 1 169 1
12 1 170 1
12 1 171 3
12 1 172 4
12 1 173 9
12 1 174 17
12 1 175 28
12 1 176 99
12 1 177 165
12 1 178 260
12 1 179 522
12 1 180 865
12 1 181 1500
12 1 182 2388
12 1 183 3701
12 1 184 5550
12 1 185 8251
12 1 186 11688
12 1 187 15635
12 1 188 20732
12 1 189 26927
12 1 190 33100
12 1 191 40359
12 1 192 47177
12 1 193 54390
12 1 194 59495
12 1 195 64568
12 1 196 67537
12 1 197 68552
12 1 198 67401
12 1 199 64488
12 1 200 60398
12 1 201 54424
12 1 202 48126
12 1 203 40325
12 1 204 33499
12 1 205 26888
12 1 206 20796
12 1 207 15906
12 1 208 11411
12 1 209 8147
12 1 210 5486
12 1 211 3697
12 1 212 2336
12 1 213 1335
12 1 214 817
12 1 215 485
12 1 216 273
12 1 217 131
12 1 218 50
12 1 219 25
12 1 220 15
12 1 221 11
12 1 222 4
12 1 223 1
12 2 9 1
12 2 21 18
12 2 22 173
12 2 23 1034
12 2 24 3454
12 2 25 9042
12 2 26 17803
12 2 27 30555
12 2 28 46606
12 2 29 63902
12 2 30 80831
12 2 31 95338
12 2 32 103599
12 2 33 105655
12 2 34 101065
12 2 35 91434
12 2 36 77216
12 2 37 60791
12 2 38 44424
12 2 39 30327
12 2 40 18712
12 2 41 10522
12 2 42 4891
12 2 43 1924
12 2 44 559
12 2 45 107
12 2 46 17
12 3 3 7
12 3 4 122
12 3 5 928
12 3 6 3864
12 3 7 12406
12 3 8 29209
12 3 9 55194
12 3 10 85497
12 3 11 113364
12 3 12 133622
12 3 13 138824
12 3 14 132175
12 3 15 110202
12 3 16 80383
12 3 17 52424
12 3 18 29172
12 3 19 14265
12 3 20 5884
12 3 21 1909
12 3 22 451
12 3 23 86
12 3 24 12
12 4 19 1
12 4 24 1
12 4 25 4
12 4 26 31
12 4 27 138
12 4 28 540
12 4 29 1737
12 4 30 4368
12 4 31 9857
12 4 32 19389
12 4 33 32896
12 4 34 50364
12 4 35 70792
12 4 36 89914
12 4 37 105696
12 4 38 114856
12 4 39 114951
12 4 40 105404
12 4 41 89969
12 4 42 70229
12 4 43 50574
12 4 44 32598
12 4 45 19012
12 4 46 9902
12 4 47 4370
12 4 48 1700
12 4 49 550
12 4 50 124
12 4 51 28
12 4 52 4
12 4 53 1
12 5 1 125143
12 5 2 186811
12 5 3 155706
12 5 4 156686
12 5 5 187853
12 5 6 125031
12 5 7 31509
12 6 6 1
12 6 8 256
12 6 9 2985
12 6 10 16060
12 6 11 53101
12 6 12 120894
12 6 13 193928
12 6 14 225216
12 6 15 193789
12 6 16 120800
12 6 17 53723
12 6 18 16012
12 6 19 2952
12 6 20 283
12 7 9 63
12 7 10 866
12 7 11 5325
12 7 12 19784
12 7 13 52535
12 7 14 102520
12 7 15 151996
12 7 16 178355
12 7 17 171700
12 7 18 136391
12 7 19 91628
12 7 20 51613
12 7 21 24719
12 7 22 9387
12 7 23 2479
12 7 24 555
12 7 25 81
12 7 26 3
12 8 12 1
12 8 20 32
12 8 21 463
12 8 22 3222
12 8 23 13866
12 8 24 41848
12 8 25 90973
12 8 26 152864
12 8 27 197273
12 8 28 196823
12 8 29 152144
12 8 30 91410
12 8 31 41484
12 8 32 14018
12 8 33 3131
12 8 34 419
12 8 35 29
12 9 10 954
12 9 11 9552
12 9 12 43839
12 9 13 117829
12 9 14 204869
12 9 15 245467
12 9 16 205801
12 9 17 116884
12 9 18 44216
12 9 19 9596
12 9 20 993
12 10 4 31373
12 10 5 155721
12 10 6 313067
12 10 7 313059
12 10 8 155638
12 10 9 31142
12 11 4 62487
12 11 5 250617
12 11 6 374192
12 11 7 250038
12 11 8 62666
12 12 14 15832
12 12 15 93445
12 12 16 234210
12 12 17 312991
12 12 18 234478
12 12 19 93716
12 12 20 15328
12 13 17 62783
12 13 18 249841
12 13 19 375252
12 13 20 249445
12 13 21 62679
12 14 6 249863
12 14 7 500427
12 14 8 249710
12 15 15 15426
12 15 16 93686
12 15 17 234302
12 15 18 313883
12 15 19 234037
12 15 20 93205
12 15 21 15461
12 16 21 1000000
12 17 20 1000000
12 18 4 1000000
12 19 18 124884
12 19 19 375028
12 19 20 374997
12 19 21 125091
12 20 25 1000000
12 21 11 1000000
12 22 8 1000000
12 23 4 1000000
13 0 168 1
13 1 13 1
13 1 82 1
13 1 83 1
13 1 84 7
13 1 85 10
13 1 86 31
13 1 87 56
13 1 88 159
13 1 89 337
13 1 90 745
13 1 91 1441
13 1 92 2508
13 1 93 4479
13 1 94 7281
13 1 95 11761
13 1 96 17875
13 1 97 25542
13 1 98 34569
13 1 99 45225
13 1 100 56487
13 1 101 67110
13 1 102 75831
13 1 103 82774
13 1 104 86095
13 1 105 85314
13 1 106 80727
13 1 107 72610
13 1 108 62649
13 1 109 51160
13 1 110 40584
13 1 111 29764
13 1 112 21221
13 1 113 14343
13 1 114 9282
13 1 115 5537
13 1 116 3189
13 1 117 1706
13 1 118 844
13 1 119 427
13 1 120 199
13 1 121 66
13 1 122 38
13 1 123 11
13 1 124 2
13 1 126 1
13 2 8 1
13 2 12 117
13 2 13 1574
13 2 14 8993
13 2 15 30962
13 2 16 74872
13 2 17 130298
13 2 18 173709
13 2 19 183521
13 2 20 158857
13 2 21 113886
13 2 22 69396
13 2 23 34537
13 2 24 14016
13 2 25 4219
13 2 26 909
13 2 27 127
13 2 28 6
13 3 1 1856
13 3 2 10726
13 3 3 38232
13 3 4 90897
13 3 5 158211
13 3 6 204024
13 3 7 201649
13 3 8 151375
13 3 9 87913
13 3 10 38901
13 3 11 12636
13 3 12 2979
13 3 13 456
13 3 14 24
13 4 13 1
13 4 18 2
13 4 19 33
13 4 20 100
13 4 21 327
13 4 22 970
13 4 23 2577
13 4 24 5915
13 4 25 11762
13 4 26 21215
13 4 27 34533
13 4 28 51664
13 4 29 70419
13 4 30 88174
13 4 31 103105
13 4 32 110769
13 4 33 110322
13 4 34 101837
13 4 35 87575
13 4 36 69425
13 4 37 50999
13 4 38 34046
13 4 39 21237
13 4 40 12055
13 4 41 6205
13 4 42 2914
13 4 43 1173
13 4 44 436
13 4 45 152
13 4 46 44
13 4 47 11
13 4 48 2
13 4 49 1
13 5 1 76135
13 5 2 152044
13 5 3 207275
13 5 4 218608
13 5 5 172258
13 5 6 97852
13 5 7 42902
13 5 8 13740
13 5 9 1915
13 6 3 1
13 6 7 3913
13 6 8 30970
13 6 9 108921
13 6 10 218688
13 6 11 273821
13 6 12 218681
13 6 13 109912
13 6 14 31166
13 6 15 3927
13 7 4 1867
13 7 5 15313
13 7 6 56487
13 7 7 125364
13 7 8 191326
13 7 9 219018
13 7 10 191695
13 7 11 124969
13 7 12 56255
13 7 13 15741
13 7 14 1965
13 8 7 1
13 8 13 7759
13 8 14 54435
13 8 15 164268
13 8 16 273367
13 8 17 273685
13 8 18 164138
13 8 19 54515
13 8 20 7832
13 9 5 28
13 9 6 469
13 9 7 3319
13 9 8 13936
13 9 9 41484
13 9 10 91869
13 9 11 152463
13 9 12 196174
13 9 13 196871
13 9 14 152344
13 9 15 91767
13 9 16 41748
13 9 17 13827
13 9 18 3230
13 9 19 446
13 9 20 25
13 10 4 1
13 10 7 125151
13 10 8 374587
13 10 9 374949
13 10 10 125312
13 11 1 500112
13 12 13 7865
13 12 14 54635
13 12 15 163695
13 12 16 274041
13 12 17 272573
13 12 18 164377
13 12 19 55029
13 12 20 7785
13 13 4 1000000
13 14 4 1000000
13 15 12 15539
13 15 13 93733
13 15 14 235071
13 15 15 312740
13 15 16 233400
13 15 17 94039
13 15 18 15478
13 16 7 1
13 16 9 999999
13 17 8 1000000
13 18 6 1000000
13 19 4 499615
13 19 5 500385
13 20 6 1000000
13 21 6 250353
13 21 7 499749
13 21 8 249898
13 23 1 1000000
13 24 1 1000000
14 0 2 1
14 0 64 1
14 1 118 1
14 1 134 1
14 1 135 2
14 1 136 2
14 1 137 6
14 1 138 23
14 1 139 22
14 1 140 48
14 1 141 96
14 1 142 154
14 1 143 310
14 1 144 468
14 1 145 827
14 1 146 1242
14 1 147 1936
14 1 148 2989
14 1 149 4376
14 1 150 6328
14 1 151 8632
14 1 152 11770
14 1 153 15784
14 1 154 20015
14 1 155 25367
14 1 156 31285
14 1 157 37364
14 1 158 43200
14 1 159 49467
14 1 160 54109
14 1 161 58846
14 1 162 62226
14 1 163 63390
14 1 164 63136
14 1 165 62180
14 1 166 58391
14 1 167 54431
14 1 168 49356
14 1 169 43289
14 1 170 37303
14 1 171 31431
14 1 172 25530
14 1 173 20130
14 1 174 15558
14 1 175 11882
14 1 176 8746
14 1 177 6232
14 1 178 4413
14 1 179 2831
14 1 180 1883
14 1 181 1192
14 1 182 769
14 1 183 453
14 1 184 265
14 1 185 130
14 1 186 99
14 1 187 33
14 1 188 29
14 1 189 9
14 1 190 6
14 1 191 3
14 1 192 3
14 1 193 1
14 2 5 1
14 2 6 1
14 2 7 25
14 2 8 144
14 2 9 507
14 2 10 1399
14 2 11 3581
14 2 12 7790
14 2 13 15348
14 2 14 26658
14 2 15 42470
14 2 16 61206
14 2 17 80632
14 2 18 97519
14 2 19 108938
14 2 20 112389
14 2 21 107846
14 2 22 95696
14 2 23 79131
14 2 24 59803
14 2 25 41463
14 2 26 26597
14 2 27 15611
14 2 28 8451
14 2 29 3988
14 2 30 1800
14 2 31 660
14 2 32 245
14 2 33 69
14 2 34 26
14 2 35 4
14 2 36 1
14 2 37 1
14 3 1 2789
14 3 2 12537
14 3 3 36393
14 3 4 73692
14 3 5 117089
14 3 6 150259
14 3 7 160925
14 3 8 148661
14 3 9 118286
14 3 10 83552
14 3 11 51965
14 3 12 26893
14 3 13 11705
14 3 14 3843
14 3 15 959
14 3 16 173
14 3 17 24
14 3 18 1
14 4 29 5
14 4 30 16
14 4 31 79
14 4 32 161
14 4 33 387
14 4 34 909
14 4 35 1869
14 4 36 3513
14 4 37 6536
14 4 38 10925
14 4 39 17439
14 4 40 25881
14 4 41 36298
14 4 42 48477
14 4 43 61330
14 4 44 73276
14 4 45 82749
14 4 46 88733
14 4 47 89901
14 4 48 87464
14 4 49 81278
14 4 50 71298
14 4 51 59251
14 4 52 46958
14 4 53 35694
14 4 54 25500
14 4 55 17526
14 4 56 11213
14 4 57 6892
14 4 58 4004
14 4 59 2249
14 4 60 1155
14 4 61 596
14 4 62 244
14 4 63 125
14 4 64 41
14 4 65 23
14 4 66 4
14 4 67 1
14 5 1 4480
14 5 2 18271
14 5 3 48100
14 5 4 91477
14 5 5 137695
14 5 6 166920
14 5 7 168585
14 5 8 143765
14 5 9 103294
14 5 10 62830
14 5 11 32969
14 5 12 14031
14 5 13 5229
14 5 14 1470
14 5 15 301
14 5 16 58
14 6 9 14697
14 6 10 83753
14 6 11 205099
14 6 12 279598
14 6 13 233655
14 6 14 127204
14 6 15 45268
14 6 16 9743
14 6 17 983
14 7 4 258
14 7 5 2560
14 7 6 11174
14 7 7 29818
14 7 8 59123
14 7 9 93050
14 7 10 123783
14 7 11 145002
14 7 12 148041
14 7 13 134394
14 7 14 107213
14 7 15 73826
14 7 16 42170
14 7 17 19653
14 7 18 7488
14 7 19 2064
14 7 20 340
14 7 21 43
14 8 8 124747
14 8 9 375637
14 8 10 374902
14 8 11 124714
14 9 7 11
14 9 8 78
14 9 9 457
14 9 10 1916
14 9 11 6533
14 9 12 16584
14 9 13 35911
14 9 14 65261
14 9 15 99004
14 9 16 130203
14 9 17 147575
14 9 18 146197
14 9 19 126979
14 9 20 95924
14 9 21 62977
14 9 22 35670
14 9 23 17692
14 9 24 7382
14 9 25 2631
14 9 26 763
14 9 27 214
14 9 28 35
14 9 29 3
14 10 6 124966
14 10 7 374829
14 10 8 374845
14 10 9 125360
14 11 3 7829
14 11 4 54568
14 11 5 163903
14 11 6 273284
14 11 7 273765
14 11 8 164151
14 11 9 54565
14 11 10 7935
14 12 13 1
14 12 14 18
14 12 15 159
14 12 16 950
14 12 17 3761
14 12 18 11238
14 12 19 26739
14 12 20 51483
14 12 21 83457
14 12 22 114018
14 12 23 135646
14 12 24 144610
14 12 25 135726
14 12 26 114229
14 12 27 83015
14 12 28 52022
14 12 29 26925
14 12 30 11234
14 12 31 3670
14 12 32 927
14 12 33 158
14 12 34 14
14 13 2 3868
14 13 3 27543
14 13 4 85697
14 13 5 164563
14 13 6 218824
14 13 7 219022
14 13 8 163605
14 13 9 85827
14 13 10 27098
14 13 11 3953
14 14 2 7929
14 14 3 54442
14 14 4 164496
14 14 5 272770
14 14 6 273105
14 14 7 164719
14 14 8 54682
14 14 9 7857
14 15 13 6
14 15 14 146
14 15 15 1018
14 15 16 5252
14 15 17 18001
14 15 18 47526
14 15 19 94346
14 15 20 148673
14 15 21 184904
14 15 22 185279
14 15 23 148316
14 15 24 94797
14 15 25 47539
14 15 26 17870
14 15 27 5199
14 15 28 1011
14 15 29 105
14 15 30 12
14 16 10 31074
14 16 11 125177
14 16 12 218765
14 16 13 250082
14 16 14 218730
14 16 15 125169
14 16 16 31003
14 17 12 7776
14 17 13 54592
14 17 14 164043
14 17 15 272618
14 17 16 274295
14 17 17 164269
14 17 18 54383
14 17 19 8024
14 18 6 1000000
14 19 8 62419
14 19 9 249749
14 19 10 375608
14 19 11 249878
14 19 12 62346
14 20 18 250708
14 20 19 499823
14 20 20 249469
14 21 10 62673
14 21 11 250318
14 21 12 374446
14 21 13 250291
14 21 14 62272
14 22 5 125348
14 22 6 374549
14 22 7 375234
14 22 8 124869
14 23 6 499414
14 23 7 500586
14 24 6 499469
14 24 7 500531
14 25 7 1000000
15 0 2 1
15 0 94 1
15 1 76 1
15 1 112 1
15 1 113 3
15 1 114 4
15 1 115 12
15 1 116 18
15 1 117 54
15 1 118 91
15 1 119 121
15 1 120 265
15 1 121 406
15 1 122 607
15 1 123 1051
15 1 124 1617
15 1 125 2417
15 1 126 3478
15 1 127 5253
15 1 128 7300
15 1 129 9715
15 1 130 13154
15 1 131 17173
15 1 132 21594
15 1 133 27091
15 1 134 32936
15 1 135 38339
15 1 136 44006
15 1 137 49890
15 1 138 54755
15 1 139 58525
15 1 140 61361
15 1 141 63264
15 1 142 62059
15 1 143 60341
15 1 144 57333
15 1 145 53006
15 1 146 47710
15 1 147 42276
15 1 148 35965
15 1 149 30051
15 1 150 24758
15 1 151 19450
15 1 152 15093
15 1 153 11350
15 1 154 8411
15 1 155 6011
15 1 156 4047
15 1 157 2774
15 1 158 1839
15 1 159 1190
15 1 160 773
15 1 161 441
15 1 162 269
15 1 163 182
15 1 164 80
15 1 165 52
15 1 166 20
15 1 167 11
15 1 168 3
15 1 169 2
15 1 170 1
15 2 9 1
15 2 10 43
15 2 11 231
15 2 12 895
15 2 13 3039
15 2 14 7911
15 2 15 17161
15 2 16 32159
15 2 17 52188
15 2 18 74453
15 2 19 95400
15 2 20 111059
15 2 21 117416
15 2 22 114219
15 2 23 102834
15 2 24 85839
15 2 25 65836
15 2 26 47724
15 2 27 31650
15 2 28 19197
15 2 29 10817
15 2 30 5492
15 2 31 2647
15 2 32 1119
15 2 33 459
15 2 34 139
15 2 35 48
15 2 36 14
15 2 37 8
15 2 38 2
15 3 1 33
15 3 2 259
15 3 3 1258
15 3 4 4420
15 3 5 12413
15 3 6 27829
15 3 7 51309
15 3 8 80011
15 3 9 107659
15 3 10 126599
15 3 11 134208
15 3 12 126121
15 3 13 107653
15 3 14 82541
15 3 15 58336
15 3 16 37315
15 3 17 21633
15 3 18 11237
15 3 19 5566
15 3 20 2276
15 3 21 886
15 3 22 323
15 3 23 85
15 3 24 22
15 3 25 5
15 4 19 1
15 4 20 25
15 4 21 125
15 4 22 479
15 4 23 1705
15 4 24 5023
15 4 25 11763
15 4 26 24525
15 4 27 43200
15 4 28 67528
15 4 29 93940
15 4 30 115469
15 4 31 127993
15 4 32 126811
15 4 33 113501
15 4 34 93235
15 4 35 69672
15 4 36 46941
15 4 37 28474
15 4 38 15689
15 4 39 8021
15 4 40 3650
15 4 41 1483
15 4 42 515
15 4 43 179
15 4 44 43
15 4 45 8
15 4 46 2
15 5 1 12226
15 5 2 46864
15 5 3 110489
15 5 4 174325
15 5 5 202003
15 5 6 180265
15 5 7 130181
15 5 8 77781
15 5 9 39118
15 5 10 16957
15 5 11 6159
15 5 12 1795
15 5 13 431
15 5 14 58
15 5 15 1
15 6 3 110606
15 6 4 233977
15 6 5 251384
15 6 6 207368
15 6 7 119803
15 6 8 54990
15 6 9 17532
15 6 10 3854
15 6 11 486
15 7 1 44
15 7 2 298
15 7 3 1544
15 7 4 5503
15 7 5 14936
15 7 6 31951
15 7 7 56030
15 7 8 84771
15 7 9 110909
15 7 10 129504
15 7 11 135939
15 7 12 127613
15 7 13 107228
15 7 14 80770
15 7 15 53733
15 7 16 31619
15 7 17 16469
15 7 18 7139
15 7 19 2836
15 7 20 878
15 7 21 227
15 7 22 44
15 7 23 7
15 7 24 1
15 8 9 17531
15 8 10 79123
15 8 11 152869
15 8 12 184964
15 8 13 182331
15 8 14 158076
15 8 15 110702
15 8 16 64094
15 8 17 32153
15 8 18 13485
15 8 19 3873
15 8 20 745
15 8 21 54
15 9 3 24
15 9 4 172
15 9 5 1045
15 9 6 3993
15 9 7 12978
15 9 8 31009
15 9 9 61303
15 9 10 100823
15 9 11 136927
15 9 12 158529
15 9 13 154817
15 9 14 130327
15 9 15 94120
15 9 16 58973
15 9 17 31895
15 9 18 14675
15 9 19 5810
15 9 20 1918
15 9 21 531
15 9 22 116
15 9 23 15
15 10 1 140534
15 10 2 327906
15 10 3 281511
15 10 4 156751
15 10 5 77670
15 10 6 15628
15 11 1 250133
15 11 2 374850
15 11 3 249418
15 11 4 62716
15 12 9 236
15 12 10 2902
15 12 11 16094
15 12 12 53998
15 12 13 120525
15 12 14 193515
15 12 15 225038
15 12 16 193537
15 12 17 121137
15 12 18 53533
15 12 19 16382
15 12 20 2873
15 12 21 230
15 13 3 34
15 13 4 487
15 13 5 3176
15 13 6 13721
15 13 7 41626
15 13 8 91919
15 13 9 152792
15 13 10 196183
15 13 11 196245
15 13 12 152941
15 13 13 92020
15 13 14 41288
15 13 15 13768
15 13 16 3273
15 13 17 485
15 13 18 42
15 14 4 31076
15 14 5 156770
15 14 6 312818
15 14 7 312297
15 14 8 156004
15 14 9 31035
15 15 7 125
15 15 8 1583
15 15 9 9433
15 15 10 34955
15 15 11 86479
15 15 12 157275
15 15 13 210116
15 15 14 209270
15 15 15 157572
15 15 16 87466
15 15 17 34633
15 15 18 9416
15 15 19 1567
15 15 20 110
15 16 16 499581
15 16 17 500419
15 17 13 15785
15 17 14 94098
15 17 15 234691
15 17 16 311918
15 17 17 234503
15 17 18 93565
15 17 19 15440
15 18 2 1000000
15 19 7 4432
15 19 8 28392
15 19 9 81342
15 19 10 143230
15 19 11 176607
15 19 12 176787
15 19 13 152079
15 19 14 110896
15 19 15 67693
15 19 16 35615
15 19 17 15850
15 19 18 5504
15 19 19 1354
15 19 20 207
15 19 21 12
15 20 12 125206
15 20 13 374989
15 20 14 374966
15 20 15 124839
15 21 3 7670
15 21 4 54942
15 21 5 163976
15 21 6 274417
15 21 7 272679
15 21 8 163511
15 21 9 54850
15 21 10 7955
15 22 14 31227
15 22 15 156622
15 22 16 313131
15 22 17 311739
15 22 18 156122
15 22 19 31159
15 23 1 499687
15 23 2 249720
15 24 7 1000000
15 25 7 1000000
15 26 2 999999
15 27 3 1000000
15 28 1 1000000
16 0 4 1
16 0 113 1
16 1 66 1
16 1 96 1
16 1 98 4
16 1 99 6
16 1 100 15
16 1 101 19
16 1 102 37
16 1 103 69
16 1 104 117
16 1 105 197
16 1 106 318
16 1 107 502
16 1 108 872
16 1 109 1267
16 1 110 1802
16 1 111 2662
16 1 112 3827
16 1 113 5242
16 1 114 7069
16 1 115 9460
16 1 116 12592
16 1 117 15745
16 1 118 19655
16 1 119 23875
16 1 120 28902
16 1 121 33475
16 1 122 38210
16 1 123 42997
16 1 124 47525
16 1 125 51138
16 1 126 54239
16 1 127 56163
16 1 128 56468
16 1 129 56063
16 1 130 55486
16 1 131 52943
16 1 132 49141
16 1 133 45103
16 1 134 40789
16 1 135 35662
16 1 136 30916
16 1 137 26171
16 1 138 21589
16 1 139 17656
16 1 140 14027
16 1 141 10751
16 1 142 8364
16 1 143 6243
16 1 144 4573
16 1 145 3233
16 1 146 2253
16 1 147 1594
16 1 148 1125
16 1 149 732
16 1 150 429
16 1 151 262
16 1 152 160
16 1 153 110
16 1 154 81
16 1 155 27
16 1 156 21
16 1 157 12
16 1 158 2
16 1 159 3
16 1 160 3
16 1 161 2
16 1 162 2
16 1 164 1
16 2 10 3
16 2 11 16
16 2 12 78
16 2 13 277
16 2 14 798
16 2 15 1937
16 2 16 4501
16 2 17 9182
16 2 18 16513
16 2 19 27018
16 2 20 40412
16 2 21 56089
16 2 22 72294
16 2 23 85959
16 2 24 95952
16 2 25 99808
16 2 26 98292
16 2 27 90874
16 2 28 79455
16 2 29 64892
16 2 30 50725
16 2 31 37135
16 2 32 25977
16 2 33 17326
16 2 34 10743
16 2 35 6444
16 2 36 3621
16 2 37 1916
16 2 38 955
16 2 39 467
16 2 40 203
16 2 41 78
16 2 42 38
16 2 43 12
16 2 44 2
16 2 45 6
16 2 46 2
16 3 1 15388
16 3 2 43433
16 3 3 81374
16 3 4 119133
16 3 5 145335
16 3 6 151890
16 3 7 138605
16 3 8 112193
16 3 9 80479
16 3 10 52268
16 3 11 30181
16 3 12 15719
16 3 13 7090
16 3 14 2852
16 3 15 1068
16 3 16 307
16 3 17 63
16 3 18 8
16 3 19 2
16 4 12 1
16 4 13 8
16 4 14 25
16 4 15 97
16 4 16 242
16 4 17 659
16 4 18 1468
16 4 19 3200
16 4 20 5871
16 4 21 10694
16 4 22 17328
16 4 23 26656
16 4 24 37860
16 4 25 50718
16 4 26 63661
16 4 27 75826
16 4 28 85674
16 4 29 91382
16 4 30 91834
16 4 31 87885
16 4 32 80097
16 4 33 69485
16 4 34 57489
16 4 35 44604
16 4 36 33258
16 4 37 23765
16 4 38 15846
16 4 39 10350
16 4 40 6355
16 4 41 3678
16 4 42 1972
16 4 43 1103
16 4 44 501
16 4 45 237
16 4 46 105
16 4 47 43
16 4 48 17
16 4 49 4
16 4 50 1
16 4 53 1
16 5 1 17337
16 5 2 45982
16 5 3 87980
16 5 4 132616
16 5 5 162623
16 5 6 165518
16 5 7 144481
16 5 8 107626
16 5 9 68216
16 5 10 37681
16 5 11 17549
16 5 12 6488
16 5 13 1995
16 5 14 487
16 5 15 107
16 5 16 5
16 6 7 43633
16 6 8 120042
16 6 9 137950
16 6 10 148579
16 6 11 182116
16 6 12 162011
16 6 13 110892
16 6 14 62633
16 6 15 24352
16 6 16 6807
16 6 17 985
16 7 1 4616
16 7 2 18310
16 7 3 46515
16 7 4 88575
16 7 5 134849
16 7 6 167759
16 7 7 172074
16 7 8 148612
16 7 9 106831
16 7 10 64085
16 7 11 30886
16 7 12 12139
16 7 13 3463
16 7 14 674
16 7 15 59
16 8 2 7
16 8 3 125
16 8 4 1050
16 8 5 5208
16 8 6 18157
16 8 7 47286
16 8 8 94648
16 8 9 148216
16 8 10 185523
16 8 11 185290
16 8 12 148806
16 8 13 94436
16 8 14 46869
16 8 15 18084
16 8 16 5114
16 8 17 1045
16 8 18 132
16 8 19 4
16 9 2 3
16 9 3 30
16 9 4 231
16 9 5 948
16 9 6 3451
16 9 7 9824
16 9 8 23336
16 9 9 44994
16 9 10 75460
16 9 11 107543
16 9 12 133381
16 9 13 143909
16 9 14 136994
16 9 15 114430
16 9 16 85448
16 9 17 56693
16 9 18 33163
16 9 19 17186
16 9 20 8195
16 9 21 3192
16 9 22 1111
16 9 23 371
16 9 24 85
16 9 25 16
16 9 26 5
16 9 27 1
16 10 5 15555
16 10 6 93985
16 10 7 233849
16 10 8 312117
16 10 9 235100
16 10 10 93719
16 10 11 15675
16 11 1 187591
16 11 2 249945
16 11 3 250016
16 11 4 187789
16 11 5 62302
16 12 6 18
16 12 7 275
16 12 8 1920
16 12 9 8013
16 12 10 23126
16 12 11 51345
16 12 12 90123
16 12 13 131222
16 12 14 158762
16 12 15 162633
16 12 16 141859
16 12 17 105045
16 12 18 65946
16 12 19 35350
16 12 20 16050
16 12 21 6016
16 12 22 1772
16 12 23 434
16 12 24 82
16 12 25 8
16 12 26 1
16 13 4 1986
16 13 5 17686
16 13 6 70187
16 13 7 164032
16 13 8 245992
16 13 9 245888
16 13 10 164229
16 13 11 70072
16 13 12 17952
16 13 13 1976
16 14 1 156943
16 14 2 312122
16 14 3 312004
16 14 4 156385
16 14 5 31384
16 15 7 16
16 15 8 204
16 15 9 1477
16 15 10 6447
16 15 11 19867
16 15 12 47110
16 15 13 87623
16 15 14 131762
16 15 15 164275
16 15 16 171366
16 15 17 148016
16 15 18 107351
16 15 19 64669
16 15 20 31890
16 15 21 12681
16 15 22 4048
16 15 23 1017
16 15 24 164
16 15 25 15
16 15 26 2
16 16 19 112
16 16 20 1638
16 16 21 9434
16 16 22 34885
16 16 23 86726
16 16 24 157825
16 16 25 209354
16 16 26 209145
16 16 27 157351
16 16 28 87388
16 16 29 35115
16 16 30 9311
16 16 31 1594
16 16 32 122
16 17 4 934
16 17 5 9495
16 17 6 44395
16 17 7 117185
16 17 8 205173
16 17 9 245960
16 17 10 204829
16 17 11 117353
16 17 12 43931
16 17 13 9795
16 17 14 950
16 18 8 1000000
16 19 3 501
16 19 4 5265
16 19 5 26951
16 19 6 80540
16 19 7 160765
16 19 8 225715
16 19 9 225571
16 19 10 161184
16 19 11 80835
16 19 12 26718
16 19 13 5492
16 19 14 463
16 20 8 1955
16 20 9 17334
16 20 10 70083
16 20 11 164206
16 20 12 246994
16 20 13 245391
16 20 14 164109
16 20 15 70348
16 20 16 17634
16 20 17 1946
16 21 5 282
16 21 6 3590
16 21 7 18412
16 21 8 57712
16 21 9 124064
16 21 10 192033
16 21 11 217704
16 21 12 184854
16 21 13 118054
16 21 14 57078
16 21 15 20268
16 21 16 5036
16 21 17 856
16 21 18 57
16 22 2 1044
16 22 3 9800
16 22 4 43731
16 22 5 117109
16 22 6 204525
16 22 7 246237
16 22 8 205423
16 22 9 117597
16 22 10 43704
16 22 11 9816
16 22 12 1014
16 23 5 15633
16 23 6 94116
16 23 7 234740
16 23 8 312650
16 23 9 233137
16 23 10 93871
16 23 11 15853
16 24 3 62607
16 24 4 250561
16 24 5 374383
16 24 6 249941
16 24 7 62508
16 25 7 7920
16 25 8 54713
16 25 9 164037
16 25 10 273503
16 25 11 273365
16 25 12 163740
16 25 13 54832
16 25 14 7890
16 26 3 1
16 26 4 999999
16 27 7 1000000
16 28 3 1000000
16 29 5 1000000
16 30 2 1000000
17 0 1 1
17 0 70 1
17 1 48 1
17 1 65 2
17 1 66 8
17 1 67 18
17 1 68 35
17 1 69 69
17 1 70 138
17 1 71 273
17 1 72 475
17 1 73 833
17 1 74 1499
17 1 75 2268
17 1 76 3541
17 1 77 5457
17 1 78 7987
17 1 79 11233
17 1 80 16050
17 1 81 21073
17 1 82 27278
17 1 83 34427
17 1 84 41939
17 1 85 49412
17 1 86 56809
17 1 87 62740
17 1 88 67091
17 1 89 69814
17 1 90 70754
17 1 91 69119
17 1 92 66006
17 1 93 60704
17 1 94 53553
17 1 95 46266
17 1 96 38755
17 1 97 31417
17 1 98 24444
17 1 99 18579
17 1 100 13414
17 1 101 9270
17 1 102 6441
17 1 103 4107
17 1 104 2717
17 1 105 1658
17 1 106 1033
17 1 107 583
17 1 108 352
17 1 109 186
17 1 110 88
17 1 111 51
17 1 112 22
17 1 113 6
17 1 114 3
17 1 115 2
17 2 4 1
17 2 6 354
17 2 7 3283
17 2 8 14029
17 2 9 39041
17 2 10 76016
17 2 11 117994
17 2 12 148015
17 2 13 158215
17 2 14 144650
17 2 15 115610
17 2 16 81463
17 2 17 51249
17 2 18 27966
17 2 19 13520
17 2 20 5631
17 2 21 2111
17 2 22 628
17 2 23 186
17 2 24 31
17 2 25 7
17 3 1 16149
17 3 2 41912
17 3 3 78593
17 3 4 117419
17 3 5 144896
17 3 6 153336
17 3 7 140846
17 3 8 114460
17 3 9 82546
17 3 10 52593
17 3 11 29474
17 3 12 14702
17 3 13 6479
17 3 14 2350
17 3 15 783
17 3 16 218
17 3 17 42
17 3 18 6
17 3 19 2
17 4 3 28
17 4 4 292
17 4 5 1701
17 4 6 6069
17 4 7 15296
17 4 8 31319
17 4 9 53599
17 4 10 79108
17 4 11 102095
17 4 12 118236
17 4 13 123351
17 4 14 117730
17 4 15 103179
17 4 16 84004
17 4 17 62271
17 4 18 42965
17 4 19 27081
17 4 20 15985
17 4 21 8530
17 4 22 4262
17 4 23 1817
17 4 24 720
17 4 25 262
17 4 26 74
17 4 27 21
17 4 28 2
17 4 29 3
17 5 1 43340
17 5 2 133725
17 5 3 235147
17 5 4 255726
17 5 5 184637
17 5 6 92526
17 5 7 35285
17 5 8 10857
17 5 9 2452
17 5 10 218
17 6 1 6868
17 6 2 42378
17 6 3 115443
17 6 4 192145
17 6 5 219475
17 6 6 188113
17 6 7 127013
17 6 8 67841
17 6 9 28800
17 6 10 9355
17 6 11 2170
17 6 12 371
17 6 13 28
17 7 1 54374
17 7 2 163960
17 7 3 273032
17 7 4 273896
17 7 5 164524
17 7 6 54643
17 7 7 7720
17 8 3 78260
17 8 4 265630
17 8 5 343191
17 8 6 218733
17 8 7 78562
17 8 8 15624
17 9 1 6021
17 9 2 37323
17 9 3 102730
17 9 4 171311
17 9 5 204706
17 9 6 188163
17 9 7 140500
17 9 8 84253
17 9 9 41493
17 9 10 16849
17 9 11 5191
17 9 12 1240
17 9 13 208
17 9 14 12
17 10 1 375754
17 10 2 312183
17 10 3 124748
17 10 4 31403
17 11 1 218937
17 11 2 250018
17 11 3 249261
17 11 4 94181
17 11 5 31082
17 12 5 58
17 12 6 840
17 12 7 5567
17 12 8 22203
17 12 9 61184
17 12 10 122174
17 12 11 182826
17 12 12 209198
17 12 13 183742
17 12 14 122369
17 12 15 60937
17 12 16 22240
17 12 17 5742
17 12 18 866
17 12 19 54
17 13 4 78068
17 13 5 187825
17 13 6 156301
17 13 7 140874
17 13 8 202933
17 13 9 156188
17 13 10 62231
17 13 11 15580
17 14 2 561984
17 14 3 187965
17 14 4 187350
17 14 5 62701
17 15 2 5
17 15 3 63
17 15 4 384
17 15 5 1764
17 15 6 6256
17 15 7 17790
17 15 8 40876
17 15 9 75641
17 15 10 118950
17 15 11 154078
17 15 12 168340
17 15 13 154728
17 15 14 118477
17 15 15 76165
17 15 16 40328
17 15 17 17837
17 15 18 6212
17 15 19 1701
17 15 20 347
17 15 21 55
17 15 22 3
17 16 7 38998
17 16 8 132955
17 16 9 171211
17 16 10 148024
17 16 11 172274
17 16 12 179776
17 16 13 109986
17 16 14 38810
17 16 15 7966
17 17 8 12241
17 17 9 70509
17 17 10 178289
17 17 11 256837
17 17 12 236625
17 17 13 151112
17 17 14 68138
17 17 15 21416
17 17 16 4351
17 17 17 482
17 18 2 1000000
17 19 4 625201
17 19 5 249750
17 19 6 125049
17 20 6 125
17 20 7 1592
17 20 8 9599
17 20 9 34947
17 20 10 87434
17 20 11 157395
17 20 12 208659
17 20 13 209613
17 20 14 157349
17 20 15 87270
17 20 16 34779
17 20 17 9561
17 20 18 1562
17 20 19 115
17 21 1 250070
17 21 2 500353
17 21 3 249577
17 22 5 499520
17 22 6 500480
17 23 3 500480
17 23 4 499520
17 24 3 1000000
17 25 3 250124
17 25 4 499663
17 25 5 250213
17 26 4 1
17 26 6 999999
17 27 3 249674
17 27 4 500335
17 27 5 249991
17 28 3 1000000
17 29 1 1000000
17 30 2 1000000
17 32 1 1000000
18 0 5 1
18 0 142 1
18 1 78 1
18 1 100 3
18 1 101 3
18 1 102 5
18 1 103 9
18 1 104 12
18 1 105 18
18 1 106 24
18 1 107 50
18 1 108 61
18 1 109 106
18 1 110 136
18 1 111 204
18 1 112 292
18 1 113 420
18 1 114 601
18 1 115 816
18 1 116 1102
18 1 117 1455
18 1 118 2005
18 1 119 2615
18 1 120 3368
18 1 121 4219
18 1 122 5491
18 1 123 6803
18 1 124 8147
18 1 125 9900
18 1 126 11936
18 1 127 14478
18 1 128 16564
18 1 129 19271
18 1 130 21879
18 1 131 24781
18 1 132 27922
18 1 133 30769
18 1 134 33535
18 1 135 36038
18 1 136 38200
18 1 137 40568
18 1 138 41760
18 1 139 43078
18 1 140 43786
18 1 141 44117
18 1 142 43779
18 1 143 43048
18 1 144 41226
18 1 145 39258
18 1 146 37001
18 1 147 34806
18 1 148 32043
18 1 149 28860
18 1 150 25953
18 1 151 23285
18 1 152 20175
18 1 153 17554
18 1 154 14842
18 1 155 12463
18 1 156 10352
18 1 157 8499
18 1 158 6979
18 1 159 5665
18 1 160 4411
18 1 161 3431
18 1 162 2547
18 1 163 1978
18 1 164 1534
18 1 165 1074
18 1 166 842
18 1 167 581
18 1 168 411
18 1 169 297
18 1 170 203
18 1 171 123
18 1 172 85
18 1 173 58
18 1 174 35
18 1 175 24
18 1 176 8
18 1 177 7
18 1 178 8
18 1 179 3
18 1 180 2
18 1 182 1
18 1 184 1
18 2 5 1
18 2 10 7
18 2 11 34
18 2 12 171
18 2 13 588
18 2 14 1417
18 2 15 3291
18 2 16 6197
18 2 17 10618
18 2 18 17262
18 2 19 24813
18 2 20 33794
18 2 21 42882
18 2 22 52894
18 2 23 61540
18 2 24 67691
18 2 25 72248
18 2 26 74570
18 2 27 73678
18 2 28 71597
18 2 29 67078
18 2 30 61284
18 2 31 54162
18 2 32 46753
18 2 33 38732
18 2 34 32010
18 2 35 24871
18 2 36 18936
18 2 37 13709
18 2 38 9859
18 2 39 6658
18 2 40 4351
18 2 41 2708
18 2 42 1577
18 2 43 951
18 2 44 542
18 2 45 274
18 2 46 134
18 2 47 61
18 2 48 33
18 2 49 17
18 2 50 3
18 2 51 1
18 2 52 2
18 2 53 1
18 3 1 4272
18 3 2 14531
18 3 3 31327
18 3 4 50781
18 3 5 67516
18 3 6 79484
18 3 7 85149
18 3 8 86750
18 3 9 86133
18 3 10 83500
18 3 11 78500
18 3 12 71472
18 3 13 62997
18 3 14 52902
18 3 15 43366
18 3 16 33236
18 3 17 24133
18 3 18 17020
18 3 19 11126
18 3 20 6891
18 3 21 4037
18 3 22 2182
18 3 23 1181
18 3 24 518
18 3 25 235
18 3 26 98
18 3 27 36
18 3 28 8
18 3 29 4
18 4 15 1
18 4 16 5
18 4 17 20
18 4 18 40
18 4 19 106
18 4 20 256
18 4 21 572
18 4 22 1183
18 4 23 2244
18 4 24 3969
18 4 25 6478
18 4 26 10145
18 4 27 15297
18 4 28 21337
18 4 29 28700
18 4 30 36779
18 4 31 45357
18 4 32 53440
18 4 33 60828
18 4 34 66436
18 4 35 70281
18 4 36 71799
18 4 37 71189
18 4 38 68231
18 4 39 63774
18 4 40 57520
18 4 41 50674
18 4 42 43565
18 4 43 36044
18 4 44 29275
18 4 45 23277
18 4 46 17987
18 4 47 13568
18 4 48 9855
18 4 49 6892
18 4 50 4705
18 4 51 3094
18 4 52 2053
18 4 53 1214
18 4 54 793
18 4 55 452
18 4 56 258
18 4 57 157
18 4 58 68
18 4 59 46
18 4 60 20
18 4 61 7
18 4 62 5
18 4 63 3
18 4 65 1
18 5 1 32023
18 5 2 91590
18 5 3 156828
18 5 4 187920
18 5 5 180016
18 5 6 149071
18 5 7 105386
18 5 8 58981
18 5 9 24764
18 5 10 7112
18 5 11 1336
18 5 12 134
18 6 4 306
18 6 5 3349
18 6 6 15104
18 6 7 40040
18 6 8 76731
18 6 9 113486
18 6 10 140528
18 6 11 153248
18 6 12 148906
18 6 13 124827
18 6 14 89531
18 6 15 53370
18 6 16 26029
18 6 17 10425
18 6 18 3221
18 6 19 786
18 6 20 102
18 6 21 11
18 7 1 6032
18 7 2 19875
18 7 3 39769
18 7 4 60183
18 7 5 80520
18 7 6 100057
18 7 7 114213
18 7 8 118474
18 7 9 111512
18 7 10 99401
18 7 11 83873
18 7 12 64985
18 7 13 45708
18 7 14 28650
18 7 15 15277
18 7 16 6997
18 7 17 2606
18 7 18 793
18 7 19 205
18 7 20 37
18 7 21 2
18 7 22 1
18 8 2 4
18 8 3 8
18 8 4 92
18 8 5 470
18 8 6 1826
18 8 7 5503
18 8 8 13638
18 8 9 28406
18 8 10 50606
18 8 11 77621
18 8 12 104984
18 8 13 125264
18 8 14 133365
18 8 15 126878
18 8 16 108672
18 8 17 84323
18 8 18 58877
18 8 19 37672
18 8 20 21548
18 8 21 11395
18 8 22 5370
18 8 23 2240
18 8 24 855
18 8 25 289
18 8 26 72
18 8 27 19
18 8 28 3
18 9 5 2
18 9 6 17
18 9 7 58
18 9 8 197
18 9 9 620
18 9 10 1451
18 9 11 3413
18 9 12 6903
18 9 13 12670
18 9 14 21198
18 9 15 33349
18 9 16 47585
18 9 17 63854
18 9 18 78427
18 9 19 90708
18 9 20 97848
18 9 21 98869
18 9 22 95088
18 9 23 85637
18 9 24 73214
18 9 25 58756
18 9 26 44289
18 9 27 31954
18 9 28 21659
18 9 29 13885
18 9 30 8429
18 9 31 4812
18 9 32 2650
18 9 33 1281
18 9 34 680
18 9 35 285
18 9 36 138
18 9 37 45
18 9 38 21
18 9 39 5
18 9 40 3
18 10 3 62302
18 10 4 249856
18 10 5 375527
18 10 6 249823
18 10 7 62492
18 11 1 43641
18 11 2 128217
18 11 3 217526
18 11 4 239885
18 11 5 187330
18 11 6 109609
18 11 7 48608
18 11 8 15443
18 11 9 2893
18 11 10 240
18 12 2 1
18 12 3 13
18 12 4 47
18 12 5 231
18 12 6 739
18 12 7 2307
18 12 8 5775
18 12 9 12370
18 12 10 23593
18 12 11 39611
18 12 12 60381
18 12 13 82185
18 12 14 101974
18 12 15 115277
18 12 16 119447
18 12 17 112929
18 12 18 98414
18 12 19 78619
18 12 20 57478
18 12 21 39284
18 12 22 23929
18 12 23 13431
18 12 24 6866
18 12 25 3154
18 12 26 1300
18 12 27 454
18 12 28 140
18 12 29 38
18 12 30 11
18 12 31 2
18 13 4 18
18 13 5 121
18 13 6 590
18 13 7 2099
18 13 8 5388
18 13 9 12322
18 13 10 23767
18 13 11 41223
18 13 12 61723
18 13 13 83777
18 13 14 102889
18 13 15 115212
18 13 16 118278
18 13 17 110922
18 13 18 96644
18 13 19 77074
18 13 20 57476
18 13 21 38701
18 13 22 24488
18 13 23 13991
18 13 24 7477
18 13 25 3502
18 13 26 1513
18 13 27 541
18 13 28 203
18 13 29 44
18 13 30 16
18 13 32 1
18 14 5 736
18 14 6 6162
18 14 7 23353
18 14 8 56096
18 14 9 98601
18 14 10 136967
18 14 11 156815
18 14 12 155157
18 14 13 132022
18 14 14 98652
18 14 15 64624
18 14 16 37711
18 14 17 19387
18 14 18 8756
18 14 19 3451
18 14 20 1130
18 14 21 308
18 14 22 59
18 14 23 13
18 15 8 1
18 15 9 19
18 15 10 73
18 15 11 279
18 15 12 992
18 15 13 2617
18 15 14 6573
18 15 15 14166
18 15 16 27054
18 15 17 46468
18 15 18 69385
18 15 19 94199
18 15 20 114817
18 15 21 125966
18 15 22 125949
18 15 23 113340
18 15 24 91501
18 15 25 67588
18 15 26 44820
18 15 27 26971
18 15 28 14830
18 15 29 7262
18 15 30 3216
18 15 31 1271
18 15 32 448
18 15 33 147
18 15 34 37
18 15 35 9
18 15 36 2
18 16 10 1
18 16 11 10
18 16 12 55
18 16 13 308
18 16 14 1173
18 16 15 3565
18 16 16 8797
18 16 17 18199
18 16 18 33249
18 16 19 53783
18 16 20 76690
18 16 21 98829
18 16 22 115996
18 16 23 123440
18 16 24 119685
18 16 25 105576
18 16 26 85567
18 16 27 63029
18 16 28 41642
18 16 29 25680
18 16 30 13885
18 16 31 6756
18 16 32 2733
18 16 33 960
18 16 34 287
18 16 35 91
18 16 36 7
18 16 37 7
18 17 7 152
18 17 8 1611
18 17 9 8237
18 17 10 26020
18 17 11 58897
18 17 12 102981
18 17 13 143998
18 17 14 167654
18 17 15 162764
18 17 16 133870
18 17 17 93346
18 17 18 55375
18 17 19 27861
18 17 20 11804
18 17 21 4091
18 17 22 1076
18 17 23 223
18 17 24 37
18 17 25 3
18 18 2 1000000
18 19 2 33
18 19 3 363
18 19 4 2528
18 19 5 10065
18 19 6 28919
18 19 7 61998
18 19 8 104847
18 19 9 143050
18 19 10 161231
18 19 11 155010
18 19 12 128217
18 19 13 92386
18 19 14 57564
18 19 15 30886
18 19 16 14593
18 19 17 5806
18 19 18 1890
18 19 19 494
18 19 20 109
18 19 21 9
18 19 22 2
18 20 17 3
18 20 18 36
18 20 19 355
18 20 20 1791
18 20 21 7386
18 20 22 22122
18 20 23 51833
18 20 24 95569
18 20 25 144158
18 20 26 176121
18 20 27 176517
18 20 28 144569
18 20 29 95574
18 20 30 51906
18 20 31 22301
18 20 32 7498
18 20 33 1883
18 20 34 343
18 20 35 35
18 21 1 2189
18 21 2 18231
18 21 3 68153
18 21 4 149796
18 21 5 217318
18 21 6 221496
18 21 7 167416
18 21 8 96569
18 21 9 42325
18 21 10 13591
18 21 11 2658
18 21 12 258
18 22 5 107
18 22 6 1170
18 22 7 7590
18 22 8 28371
18 22 9 74441
18 22 10 139261
18 22 11 196935
18 22 12 208873
18 22 13 170424
18 22 14 104876
18 22 15 47855
18 22 16 15979
18 22 17 3576
18 22 18 506
18 22 19 36
18 23 1 4169
18 23 2 21402
18 23 3 66900
18 23 4 141002
18 23 5 209719
18 23 6 225907
18 23 7 177693
18 23 8 100047
18 23 9 40167
18 23 10 10723
18 23 11 1776
18 23 12 118
18 24 4 423
18 24 5 4364
18 24 6 21653
18 24 7 63735
18 24 8 128097
18 24 9 188075
18 24 10 205548
18 24 11 174328
18 24 12 116336
18 24 13 61489
18 24 14 25845
18 24 15 8091
18 24 16 1762
18 24 17 236
18 24 18 18
18 25 7 130
18 25 8 1598
18 25 9 9560
18 25 10 34911
18 25 11 87204
18 25 12 157520
18 25 13 209850
18 25 14 208572
18 25 15 157036
18 25 16 87563
18 25 17 34816
18 25 18 9515
18 25 19 1609
18 25 20 116
18 26 10 1000000
18 27 5 124929
18 27 6 375258
18 27 7 374731
18 27 8 125082
18 28 5 1000000
18 29 14 1000000
18 30 12 1
18 30 14 999999
18 31 4 1000000
18 32 5 1000000
18 33 5 1000000
18 34 3 1000000
18 35 5 1000000
19 0 1 1
19 0 56 1
19 1 30 1
19 1 31 1
19 1 33 6
19 1 34 7
19 1 35 18
19 1 36 44
19 1 37 129
19 1 38 202
19 1 39 408
19 1 40 818
19 1 41 1506
19 1 42 2534
19 1 43 4070
19 1 44 6248
19 1 45 9502
19 1 46 13803
19 1 47 19474
19 1 48 25987
19 1 49 33712
19 1 50 41698
19 1 51 50853
19 1 52 58574
19 1 53 65920
19 1 54 71057
19 1 55 74187
19 1 56 74947
19 1 57 72880
19 1 58 68689
19 1 59 62793
19 1 60 54619
19 1 61 46235
19 1 62 38195
19 1 63 29734
19 1 64 22698
19 1 65 16466
19 1 66 11707
19 1 67 7814
19 1 68 5093
19 1 69 3097
19 1 70 1930
19 1 71 1113
19 1 72 597
19 1 73 309
19 1 74 184
19 1 75 76
19 1 76 45
19 1 77 11
19 1 78 9
19 2 1 748
19 2 2 3188
19 2 3 9024
19 2 4 19729
19 2 5 36993
19 2 6 59031
19 2 7 84044
19 2 8 106540
19 2 9 121529
19 2 10 126327
19 2 11 119869
19 2 12 103160
19 2 13 79647
19 2 14 56653
19 2 15 35920
19 2 16 20338
19 2 17 10229
19 2 18 4447
19 2 19 1770
19 2 20 535
19 2 21 150
19 2 22 30
19 2 23 2
19 3 1 45511
19 3 2 89450
19 3 3 133667
19 3 4 159355
19 3 5 160437
19 3 6 139714
19 3 7 106089
19 3 8 70905
19 3 9 41892
19 3 10 22068
19 3 11 10217
19 3 12 4136
19 3 13 1534
19 3 14 458
19 3 15 127
19 3 16 25
19 3 17 4
19 3 18 1
19 4 4 1
19 4 5 9
19 4 6 41
19 4 7 196
19 4 8 715
19 4 9 2066
19 4 10 5192
19 4 11 11388
19 4 12 20946
19 4 13 34918
19 4 14 53033
19 4 15 72041
19 4 16 90522
19 4 17 104936
19 4 18 110638
19 4 19 109709
19 4 20 100800
19 4 21 85184
19 4 22 67751
19 4 23 49969
19 4 24 33910
19 4 25 21298
19 4 26 12298
19 4 27 6607
19 4 28 3309
19 4 29 1473
19 4 30 659
19 4 31 281
19 4 32 77
19 4 33 28
19 4 34 5
19 5 1 74724
19 5 2 134288
19 5 3 185461
19 5 4 201007
19 5 5 165015
19 5 6 113223
19 5 7 63762
19 5 8 27556
19 5 9 10265
19 5 10 2674
19 5 11 538
19 5 12 56
19 6 4 117152
19 6 5 319311
19 6 6 328070
19 6 7 172589
19 6 8 54975
19 6 9 7903
19 7 1 327844
19 7 2 281645
19 7 3 156295
19 7 4 77997
19 7 5 15495
19 8 2 118
19 8 3 1528
19 8 4 9554
19 8 5 34813
19 8 6 87439
19 8 7 157126
19 8 8 209470
19 8 9 209409
19 8 10 156915
19 8 11 87317
19 8 12 35061
19 8 13 9494
19 8 14 1646
19 8 15 110
19 9 1 44477
19 9 2 96591
19 9 3 156747
19 9 4 197000
19 9 5 191844
19 9 6 150869
19 9 7 93220
19 9 8 41837
19 9 9 13543
19 9 10 2589
19 9 11 266
19 10 1 1000000
19 11 1 188255
19 11 2 187293
19 11 3 62335
19 12 4 52519
19 12 5 140683
19 12 6 199733
19 12 7 234220
19 12 8 195314
19 12 9 109167
19 12 10 50697
19 12 11 15680
19 12 12 1987
19 13 1 1921
19 13 2 9454
19 13 3 29459
19 13 4 66343
19 13 5 113051
19 13 6 155744
19 13 7 175356
19 13 8 164016
19 13 9 127885
19 13 10 82416
19 13 11 44528
19 13 12 19886
19 13 13 7296
19 13 14 1997
19 13 15 414
19 13 16 49
19 13 17 4
19 14 2 39718
19 14 3 158474
19 14 4 262959
19 14 5 252109
19 14 6 167331
19 14 7 84014
19 14 8 29078
19 14 9 5819
19 14 10 498
19 15 3 43953
19 15 4 164144
19 15 5 258849
19 15 6 242659
19 15 7 165158
19 15 8 85794
19 15 9 30726
19 15 10 7776
19 15 11 941
19 16 1 984
19 16 2 5522
19 16 3 20125
19 16 4 50755
19 16 5 97318
19 16 6 147337
19 16 7 179360
19 16 8 178876
19 16 9 144466
19 16 10 95640
19 16 11 50466
19 16 12 20879
19 16 13 6528
19 16 14 1439
19 16 15 206
19 16 16 13
19 17 2 4
19 17 3 75
19 17 4 417
19 17 5 1935
19 17 6 6745
19 17 7 19025
19 17 8 42690
19 17 9 77856
19 17 10 119314
19 17 11 152544
19 17 12 164476
19 17 13 150493
19 17 14 116294
19 17 15 76109
19 17 16 42198
19 17 17 19529
19 17 18 7388
19 17 19 2235
19 17 20 567
19 17 21 90
19 17 22 15
19 17 23 1
19 18 2 1000000
19 19 1 132455
19 19 2 210993
19 19 3 242610
19 19 4 211389
19 19 5 116585
19 19 6 39023
19 19 7 7666
19 20 10 432
19 20 11 5478
19 20 12 26848
19 20 13 80393
19 20 14 160270
19 20 15 225800
19 20 16 225776
19 20 17 161024
19 20 18 81017
19 20 19 27050
19 20 20 5429
19 20 21 483
19 21 2 750167
19 21 3 249833
19 22 1 250943
19 22 2 124612
19 23 1 249648
19 23 2 125033
19 24 5 1000000
19 25 2 1000000
19 26 4 124442
19 26 5 374982
19 26 6 375282
19 26 7 125294
19 27 2 249645
19 27 3 500591
19 27 4 249764
19 28 3 1000000
19 29 5 1000000
19 30 2 1000000
19 35 1 1000000
20 0 4 1
20 0 116 1
20 1 66 1
20 1 79 1
20 1 81 1
20 1 82 2
20 1 83 1
20 1 84 3
20 1 85 3
20 1 86 2
20 1 87 4
20 1 88 6
20 1 89 10
20 1 90 13
20 1 91 30
20 1 92 42
20 1 93 61
20 1 94 119
20 1 95 155
20 1 96 258
20 1 97 313
20 1 98 468
20 1 99 646
20 1 100 918
20 1 101 1298
20 1 102 1639
20 1 103 2225
20 1 104 2919
20 1 105 3760
20 1 106 4665
20 1 107 5872
20 1 108 7308
20 1 109 8849
20 1 110 10858
20 1 111 12820
20 1 112 15151
20 1 113 17679
20 1 114 20275
20 1 115 22921
20 1 116 25822
20 1 117 28386
20 1 118 31276
20 1 119 33707
20 1 120 36154
20 1 121 38492
20 1 122 40011
20 1 123 41524
20 1 124 42387
20 1 125 42337
20 1 126 42798
20 1 127 42213
20 1 128 41245
20 1 129 39629
20 1 130 38247
20 1 131 35789
20 1 132 33317
20 1 133 30840
20 1 134 28268
20 1 135 25184
20 1 136 22615
20 1 137 19972
20 1 138 17589
20 1 139 14894
20 1 140 12749
20 1 141 10689
20 1 142 8885
20 1 143 7351
20 1 144 5838
20 1 145 4823
20 1 146 3724
20 1 147 3024
20 1 148 2332
20 1 149 1800
20 1 150 1370
20 1 151 995
20 1 152 690
20 1 153 530
20 1 154 369
20 1 155 265
20 1 156 190
20 1 157 122
20 1 158 98
20 1 159 68
20 1 160 38
20 1 161 21
20 1 162 14
20 1 163 7
20 1 164 9
20 1 165 2
20 1 167 2
20 1 169 2
20 1 170 1
20 2 4 1
20 2 5 22
20 2 6 164
20 2 7 526
20 2 8 1599
20 2 9 4080
20 2 10 8268
20 2 11 15672
20 2 12 27002
20 2 13 41708
20 2 14 58261
20 2 15 75722
20 2 16 89922
20 2 17 99248
20 2 18 102921
20 2 19 100006
20 2 20 91239
20 2 21 77770
20 2 22 63155
20 2 23 48337
20 2 24 34793
20 2 25 23536
20 2 26 15332
20 2 27 9478
20 2 28 5332
20 2 29 2966
20 2 30 1550
20 2 31 771
20 2 32 375
20 2 33 148
20 2 34 65
20 2 35 21
20 2 36 6
20 2 37 4
20 3 1 1292
20 3 2 4415
20 3 3 10527
20 3 4 20990
20 3 5 36046
20 3 6 53387
20 3 7 71392
20 3 8 87075
20 3 9 97992
20 3 10 101572
20 3 11 99834
20 3 12 91694
20 3 13 80295
20 3 14 66850
20 3 15 53486
20 3 16 40139
20 3 17 29005
20 3 18 20064
20 3 19 13424
20 3 20 8607
20 3 21 5269
20 3 22 3106
20 3 23 1663
20 3 24 911
20 3 25 401
20 3 26 202
20 3 27 86
20 3 28 30
20 3 29 17
20 3 30 3
20 4 16 2
20 4 17 1
20 4 18 1
20 4 19 5
20 4 20 27
20 4 21 50
20 4 22 106
20 4 23 233
20 4 24 448
20 4 25 712
20 4 26 1352
20 4 27 2190
20 4 28 3275
20 4 29 4937
20 4 30 6929
20 4 31 9643
20 4 32 12743
20 4 33 16343
20 4 34 20591
20 4 35 25297
20 4 36 30324
20 4 37 34748
20 4 38 39727
20 4 39 44232
20 4 40 48649
20 4 41 51564
20 4 42 54481
20 4 43 55740
20 4 44 56323
20 4 45 55734
20 4 46 53711
20 4 47 51197
20 4 48 47989
20 4 49 44173
20 4 50 39532
20 4 51 34906
20 4 52 30802
20 4 53 26306
20 4 54 21586
20 4 55 17626
20 4 56 14433
20 4 57 11168
20 4 58 8656
20 4 59 6376
20 4 60 4792
20 4 61 3446
20 4 62 2352
20 4 63 1639
20 4 64 1103
20 4 65 692
20 4 66 439
20 4 67 291
20 4 68 157
20 4 69 89
20 4 70 63
20 4 71 32
20 4 72 17
20 4 73 10
20 4 74 7
20 4 75 1
20 4 76 1
20 4 78 1
20 5 1 3295
20 5 2 13179
20 5 3 32617
20 5 4 58843
20 5 5 87913
20 5 6 114424
20 5 7 133305
20 5 8 136512
20 5 9 125625
20 5 10 103687
20 5 11 77719
20 5 12 51220
20 5 13 30733
20 5 14 16492
20 5 15 8205
20 5 16 3678
20 5 17 1441
20 5 18 503
20 5 19 154
20 5 20 51
20 5 21 11
20 6 3 32
20 6 4 437
20 6 5 2954
20 6 6 11312
20 6 7 31757
20 6 8 64967
20 6 9 106106
20 6 10 140670
20 6 11 156372
20 6 12 149481
20 6 13 124849
20 6 14 91316
20 6 15 59140
20 6 16 33727
20 6 17 16620
20 6 18 6892
20 6 19 2492
20 6 20 679
20 6 21 159
20 6 22 37
20 6 23 1
20 7 1 4236
20 7 2 17074
20 7 3 42285
20 7 4 74503
20 7 5 103497
20 7 6 122678
20 7 7 131652
20 7 8 129720
20 7 9 117605
20 7 10 95472
20 7 11 69746
20 7 12 44813
20 7 13 25357
20 7 14 12501
20 7 15 5499
20 7 16 2033
20 7 17 595
20 7 18 161
20 7 19 37
20 7 20 12
20 7 21 1
20 8 1 1
20 8 2 11
20 8 3 58
20 8 4 343
20 8 5 1417
20 8 6 4216
20 8 7 10739
20 8 8 23206
20 8 9 42663
20 8 10 69104
20 8 11 97704
20 8 12 121389
20 8 13 135282
20 8 14 132657
20 8 15 116672
20 8 16 92181
20 8 17 65214
20 8 18 41787
20 8 19 24012
20 8 20 12359
20 8 21 5556
20 8 22 2253
20 8 23 841
20 8 24 238
20 8 25 76
20 8 26 16
20 8 27 4
20 8 28 1
20 9 3 2
20 9 4 5
20 9 5 14
20 9 6 69
20 9 7 256
20 9 8 705
20 9 9 1667
20 9 10 3536
20 9 11 6763
20 9 12 12324
20 9 13 20114
20 9 14 30625
20 9 15 43047
20 9 16 56428
20 9 17 69955
20 9 18 81321
20 9 19 89026
20 9 20 93174
20 9 21 91193
20 9 22 85856
20 9 23 76071
20 9 24 63893
20 9 25 51680
20 9 26 39273
20 9 27 29044
20 9 28 20328
20 9 29 13664
20 9 30 8674
20 9 31 5194
20 9 32 2958
20 9 33 1620
20 9 34 808
20 9 35 403
20 9 36 176
20 9 37 83
20 9 38 33
20 9 39 7
20 9 40 8
20 9 41 3
20 10 1 1000000
20 11 1 313069
20 11 2 199698
20 11 3 155426
20 11 4 97357
20 11 5 31323
20 11 6 3946
20 12 7 54
20 12 8 591
20 12 9 2771
20 12 10 8376
20 12 11 17874
20 12 12 30107
20 12 13 41648
20 12 14 51910
20 12 15 61191
20 12 16 70489
20 12 17 78538
20 12 18 83079
20 12 19 83741
20 12 20 80280
20 12 21 75466
20 12 22 68987
20 12 23 62274
20 12 24 53547
20 12 25 43545
20 12 26 33027
20 12 27 22845
20 12 28 14595
20 12 29 8328
20 12 30 4107
20 12 31 1706
20 12 32 647
20 12 33 210
20 12 34 55
20 12 35 11
20 12 36 1
20 13 1 417
20 13 2 1619
20 13 3 4806
20 13 4 10629
20 13 5 19964
20 13 6 32796
20 13 7 48549
20 13 8 64821
20 13 9 80058
20 13 10 92099
20 13 11 98155
20 13 12 99019
20 13 13 94122
20 13 14 84655
20 13 15 71905
20 13 16 58606
20 13 17 45484
20 13 18 33500
20 13 19 23180
20 13 20 14923
20 13 21 9410
20 13 22 5569
20 13 23 2999
20 13 24 1541
20 13 25 680
20 13 26 288
20 13 27 107
20 13 28 31
20 13 29 14
20 13 30 1
20 14 1 51844
20 14 2 127518
20 14 3 186507
20 14 4 199976
20 14 5 171768
20 14 6 124789
20 14 7 73978
20 14 8 35533
20 14 9 13907
20 14 10 3950
20 14 11 764
20 14 12 68
20 15 4 6
20 15 5 89
20 15 6 692
20 15 7 3077
20 15 8 10209
20 15 9 25757
20 15 10 52027
20 15 11 86401
20 15 12 118173
20 15 13 141537
20 15 14 145419
20 15 15 132617
20 15 16 106271
20 15 17 76304
20 15 18 48891
20 15 19 28065
20 15 20 14321
20 15 21 6431
20 15 22 2508
20 15 23 885
20 15 24 252
20 15 25 56
20 15 26 10
20 15 27 1
20 15 28 1
20 16 4 12
20 16 5 68
20 16 6 324
20 16 7 1083
20 16 8 2823
20 16 9 6375
20 16 10 12479
20 16 11 21366
20 16 12 33711
20 16 13 48156
20 16 14 63676
20 16 15 77703
20 16 16 88834
20 16 17 95400
20 16 18 96707
20 16 19 91936
20 16 20 83842
20 16 21 72066
20 16 22 58879
20 16 23 46336
20 16 24 34331
20 16 25 24420
20 16 26 16426
20 16 27 10442
20 16 28 6114
20 16 29 3324
20 16 30 1792
20 16 31 746
20 16 32 380
20 16 33 170
20 16 34 52
20 16 35 18
20 16 36 6
20 16 37 3
20 17 3 1
20 17 4 9
20 17 5 68
20 17 6 337
20 17 7 1301
20 17 8 4279
20 17 9 11059
20 17 10 23996
20 17 11 44372
20 17 12 68987
20 17 13 93248
20 17 14 111220
20 17 15 118947
20 17 16 115102
20 17 17 102920
20 17 18 88138
20 17 19 70494
20 17 20 53827
20 17 21 38372
20 17 22 24909
20 17 23 14734
20 17 24 7814
20 17 25 3527
20 17 26 1556
20 17 27 546
20 17 28 176
20 17 29 53
20 17 30 7
20 17 31 1
20 18 2 1000000
20 19 1 73414
20 19 2 163433
20 19 3 220177
20 19 4 211854
20 19 5 157140
20 19 6 93361
20 19 7 43602
20 19 8 16502
20 19 9 4839
20 19 10 1220
20 19 11 174
20 19 12 11
20 20 16 3
20 20 17 18
20 20 18 77
20 20 19 413
20 20 20 1546
20 20 21 4536
20 20 22 11549
20 20 23 24292
20 20 24 45547
20 20 25 73929
20 20 26 103474
20 20 27 129469
20 20 28 141288
20 20 29 137282
20 20 30 117356
20 20 31 88265
20 20 32 58677
20 20 33 34146
20 20 34 16989
20 20 35 7345
20 20 36 2728
20 20 37 817
20 20 38 203
20 20 39 46
20 20 40 4
20 20 41 1
20 21 4 2186
20 21 5 19102
20 21 6 73869
20 21 7 165626
20 21 8 243042
20 21 9 238917
20 21 10 160574
20 21 11 72436
20 21 12 20636
20 21 13 3363
20 21 14 249
20 22 2 385
20 22 3 4081
20 22 4 19743
20 22 5 57760
20 22 6 116779
20 22 7 172441
20 22 8 193003
20 22 9 171075
20 22 10 125598
20 22 11 76767
20 22 12 39254
20 22 13 16262
20 22 14 5345
20 22 15 1277
20 22 16 215
20 22 17 15
20 23 1 3962
20 23 2 19623
20 23 3 58542
20 23 4 117237
20 23 5 172241
20 23 6 193033
20 23 7 170921
20 23 8 125326
20 23 9 76629
20 23 10 39075
20 23 11 16226
20 23 12 5258
20 23 13 1284
20 23 14 228
20 23 15 19
20 24 4 356
20 24 5 4125
20 24 6 20407
20 24 7 61770
20 24 8 126883
20 24 9 188928
20 24 10 209993
20 24 11 178189
20 24 12 117304
20 24 13 59754
20 24 14 23543
20 24 15 7039
20 24 16 1492
20 24 17 198
20 24 18 19
20 25 2 66506
20 25 3 214680
20 25 4 269872
20 25 5 198505
20 25 6 136542
20 25 7 82479
20 25 8 27640
20 25 9 3776
20 26 2 31308
20 26 3 156165
20 26 4 311601
20 26 5 312991
20 26 6 156438
20 26 7 31497
20 27 5 15724
20 27 6 78042
20 27 7 171372
20 27 8 234701
20 27 9 234861
20 27 10 171835
20 27 11 78004
20 27 12 15461
20 28 1 31434
20 28 2 156299
20 28 3 312763
20 28 4 312345
20 28 5 155979
20 28 6 31180
20 29 5 31276
20 29 6 156299
20 29 7 311403
20 29 8 313318
20 29 9 156500
20 29 10 31204
20 30 2 1000000
20 31 2 1000000
20 32 6 1000000
20 33 7 7814
20 33 8 54674
20 33 9 164272
20 33 10 272833
20 33 11 273878
20 33 12 163939
20 33 13 54726
20 33 14 7864
20 35 3 1000000
20 36 4 1000000
20 37 6 125442
20 37 7 374475
20 37 8 374961
20 37 9 125122
20 38 2 1000000
21 0 8 1
21 0 166 1
21 1 79 1
21 1 104 1
21 1 105 1
21 1 107 4
21 1 108 3
21 1 109 5
21 1 110 5
21 1 111 9
21 1 112 9
21 1 113 13
21 1 114 29
21 1 115 45
21 1 116 54
21 1 117 74
21 1 118 106
21 1 119 133
21 1 120 179
21 1 121 229
21 1 122 316
21 1 123 396
21 1 124 494
21 1 125 628
21 1 126 848
21 1 127 1041
21 1 128 1270
21 1 129 1652
21 1 130 1973
21 1 131 2480
21 1 132 3053
21 1 133 3588
21 1 134 4259
21 1 135 5243
21 1 136 5992
21 1 137 6890
21 1 138 8128
21 1 139 9518
21 1 140 10784
21 1 141 12129
21 1 142 13685
21 1 143 15204
21 1 144 16962
21 1 145 18591
21 1 146 20237
21 1 147 22058
21 1 148 23559
21 1 149 25298
21 1 150 27014
21 1 151 28467
21 1 152 29793
21 1 153 30800
21 1 154 31997
21 1 155 32730
21 1 156 33373
21 1 157 33562
21 1 158 33671
21 1 159 33456
21 1 160 33221
21 1 161 32902
21 1 162 31575
21 1 163 31046
21 1 164 29762
21 1 165 28359
21 1 166 26640
21 1 167 25453
21 1 168 23680
21 1 169 22040
21 1 170 20083
21 1 171 18459
21 1 172 16765
21 1 173 15169
21 1 174 13517
21 1 175 11942
21 1 176 10499
21 1 177 9257
21 1 178 7925
21 1 179 6784
21 1 180 5789
21 1 181 4968
21 1 182 4164
21 1 183 3561
21 1 184 2902
21 1 185 2298
21 1 186 2014
21 1 187 1525
21 1 188 1282
21 1 189 1035
21 1 190 779
21 1 191 626
21 1 192 472
21 1 193 375
21 1 194 280
21 1 195 202
21 1 196 177
21 1 197 109
21 1 198 101
21 1 199 68
21 1 200 51
21 1 201 35
21 1 202 20
21 1 203 16
21 1 204 12
21 1 205 8
21 1 206 7
21 1 207 3
21 1 208 2
21 1 211 1
21 1 214 1
21 2 6 3
21 2 7 15
21 2 8 74
21 2 9 269
21 2 10 627
21 2 11 1357
21 2 12 2573
21 2 13 4864
21 2 14 8009
21 2 15 12328
21 2 16 18065
21 2 17 24618
21 2 18 32824
21 2 19 41284
21 2 20 49600
21 2 21 57281
21 2 22 63780
21 2 23 69223
21 2 24 71834
21 2 25 72165
21 2 26 70474
21 2 27 66802
21 2 28 61232
21 2 29 54313
21 2 30 47395
21 2 31 39916
21 2 32 32795
21 2 33 26017
21 2 34 20418
21 2 35 15396
21 2 36 11013
21 2 37 8162
21 2 38 5518
21 2 39 3689
21 2 40 2370
21 2 41 1489
21 2 42 934
21 2 43 596
21 2 44 297
21 2 45 188
21 2 46 91
21 2 47 61
21 2 48 28
21 2 49 6
21 2 50 3
21 2 51 3
21 2 52 1
21 3 1 1222
21 3 2 4438
21 3 3 11019
21 3 4 21596
21 3 5 35464
21 3 6 50227
21 3 7 65372
21 3 8 77611
21 3 9 86672
21 3 10 91843
21 3 11 91860
21 3 12 86632
21 3 13 79043
21 3 14 69299
21 3 15 58087
21 3 16 46750
21 3 17 36509
21 3 18 27427
21 3 19 20241
21 3 20 14190
21 3 21 9431
21 3 22 6183
21 3 23 3747
21 3 24 2256
21 3 25 1350
21 3 26 692
21 3 27 362
21 3 28 172
21 3 29 76
21 3 30 25
21 3 31 13
21 3 32 4
21 3 33 4
21 3 34 1
21 4 14 1
21 4 16 2
21 4 17 7
21 4 18 11
21 4 19 25
21 4 20 46
21 4 21 99
21 4 22 218
21 4 23 299
21 4 24 510
21 4 25 833
21 4 26 1241
21 4 27 1892
21 4 28 2614
21 4 29 3745
21 4 30 5112
21 4 31 6837
21 4 32 8922
21 4 33 10962
21 4 34 13754
21 4 35 16947
21 4 36 20330
21 4 37 23825
21 4 38 27117
21 4 39 31047
21 4 40 34492
21 4 41 37893
21 4 42 40676
21 4 43 42968
21 4 44 44934
21 4 45 46583
21 4 46 47360
21 4 47 47221
21 4 48 47332
21 4 49 45809
21 4 50 43903
21 4 51 42132
21 4 52 39116
21 4 53 36386
21 4 54 33685
21 4 55 30170
21 4 56 26713
21 4 57 23539
21 4 58 20398
21 4 59 17480
21 4 60 14899
21 4 61 12420
21 4 62 10185
21 4 63 8328
21 4 64 6792
21 4 65 5497
21 4 66 4286
21 4 67 3267
21 4 68 2496
21 4 69 1895
21 4 70 1363
21 4 71 1007
21 4 72 719
21 4 73 530
21 4 74 392
21 4 75 249
21 4 76 176
21 4 77 123
21 4 78 70
21 4 79 50
21 4 80 20
21 4 81 26
21 4 82 10
21 4 83 4
21 4 84 5
21 4 85 1
21 4 86 2
21 4 87 1
21 4 88 1
21 5 1 16443
21 5 2 38272
21 5 3 68307
21 5 4 101314
21 5 5 124617
21 5 6 135097
21 5 7 131977
21 5 8 116236
21 5 9 92918
21 5 10 67443
21 5 11 45605
21 5 12 28050
21 5 13 15821
21 5 14 8098
21 5 15 3702
21 5 16 1521
21 5 17 601
21 5 18 196
21 5 19 54
21 5 20 9
21 5 21 1
21 5 22 2
21 6 1 2
21 6 2 55
21 6 3 429
21 6 4 2023
21 6 5 6748
21 6 6 17765
21 6 7 36229
21 6 8 59747
21 6 9 83746
21 6 10 100621
21 6 11 108116
21 6 12 106762
21 6 13 101376
21 6 14 92131
21 6 15 80684
21 6 16 67007
21 6 17 51740
21 6 18 36190
21 6 19 23491
21 6 20 13323
21 6 21 6738
21 6 22 3117
21 6 23 1329
21 6 24 432
21 6 25 140
21 6 26 46
21 6 27 11
21 6 28 2
21 7 1 93
21 7 2 491
21 7 3 2059
21 7 4 6165
21 7 5 14716
21 7 6 30107
21 7 7 50873
21 7 8 74996
21 7 9 98270
21 7 10 114549
21 7 11 121636
21 7 12 117447
21 7 13 105181
21 7 14 85335
21 7 15 65109
21 7 16 45626
21 7 17 29757
21 7 18 18101
21 7 19 9981
21 7 20 5226
21 7 21 2430
21 7 22 1151
21 7 23 480
21 7 24 145
21 7 25 49
21 7 26 14
21 7 27 3
21 7 28 1
21 8 3 1
21 8 4 16
21 8 5 88
21 8 6 311
21 8 7 1032
21 8 8 2752
21 8 9 6492
21 8 10 13061
21 8 11 24057
21 8 12 38827
21 8 13 56575
21 8 14 75458
21 8 15 92654
21 8 16 103799
21 8 17 108466
21 8 18 105349
21 8 19 94966
21 8 20 80495
21 8 21 64480
21 8 22 47782
21 8 23 33238
21 8 24 21814
21 8 25 13104
21 8 26 7609
21 8 27 4070
21 8 28 2008
21 8 29 860
21 8 30 389
21 8 31 163
21 8 32 53
21 8 33 20
21 8 34 11
21 9 1 1
21 9 3 11
21 9 4 29
21 9 5 117
21 9 6 281
21 9 7 624
21 9 8 1353
21 9 9 2640
21 9 10 4661
21 9 11 7627
21 9 12 11803
21 9 13 17267
21 9 14 23862
21 9 15 31948
21 9 16 39843
21 9 17 48491
21 9 18 56942
21 9 19 63682
21 9 20 69238
21 9 21 72890
21 9 22 73590
21 9 23 71878
21 9 24 69029
21 9 25 63190
21 9 26 55997
21 9 27 48338
21 9 28 41009
21 9 29 33299
21 9 30 25959
21 9 31 19871
21 9 32 14610
21 9 33 10305
21 9 34 7275
21 9 35 4724
21 9 36 3145
21 9 37 1897
21 9 38 1151
21 9 39 705
21 9 40 351
21 9 41 194
21 9 42 93
21 9 43 39
21 9 44 25
21 9 45 8
21 9 46 5
21 9 47 3
21 10 1 499188
21 10 2 250490
21 11 1 305161
21 11 2 246034
21 11 3 171408
21 11 4 74281
21 11 5 23501
21 11 6 3847
21 12 1 414
21 12 2 1550
21 12 3 4018
21 12 4 9047
21 12 5 16722
21 12 6 27624
21 12 7 41392
21 12 8 57099
21 12 9 72663
21 12 10 86213
21 12 11 95566
21 12 12 99413
21 12 13 97563
21 12 14 89970
21 12 15 78460
21 12 16 64536
21 12 17 50676
21 12 18 37559
21 12 19 26378
21 12 20 17472
21 12 21 11267
21 12 22 6727
21 12 23 3815
21 12 24 1959
21 12 25 995
21 12 26 499
21 12 27 217
21 12 28 74
21 12 29 38
21 12 30 10
21 12 31 3
21 12 32 2
21 12 33 1
21 13 1 463
21 13 2 1862
21 13 3 5480
21 13 4 12310
21 13 5 23002
21 13 6 37538
21 13 7 55432
21 13 8 74625
21 13 9 90767
21 13 10 102984
21 13 11 107865
21 13 12 105337
21 13 13 95966
21 13 14 81898
21 13 15 66523
21 13 16 49331
21 13 17 34597
21 13 18 23080
21 13 19 14307
21 13 20 8218
21 13 21 4390
21 13 22 2254
21 13 23 1031
21 13 24 435
21 13 25 165
21 13 26 62
21 13 27 23
21 13 28 3
21 13 29 1
21 14 1 24067
21 14 2 59912
21 14 3 99123
21 14 4 129897
21 14 5 142586
21 14 6 134842
21 14 7 118081
21 14 8 99353
21 14 9 76656
21 14 10 52878
21 14 11 31847
21 14 12 16381
21 14 13 6793
21 14 14 2324
21 14 15 670
21 14 16 114
21 14 17 18
21 15 2 3
21 15 3 8
21 15 4 44
21 15 5 175
21 15 6 511
21 15 7 1189
21 15 8 2660
21 15 9 5090
21 15 10 9363
21 15 11 15842
21 15 12 23941
21 15 13 34328
21 15 14 46304
21 15 15 58635
21 15 16 69909
21 15 17 79241
21 15 18 85422
21 15 19 87812
21 15 20 85474
21 15 21 80413
21 15 22 72189
21 15 23 61183
21 15 24 50669
21 15 25 39254
21 15 26 30044
21 15 27 21235
21 15 28 14725
21 15 29 9785
21 15 30 6259
21 15 31 3772
21 15 32 2167
21 15 33 1242
21 15 34 559
21 15 35 302
21 15 36 154
21 15 37 54
21 15 38 26
21 15 39 10
21 15 40 4
21 15 41 2
21 15 42 1
21 16 5 1
21 16 6 1
21 16 7 24
21 16 8 108
21 16 9 437
21 16 10 1220
21 16 11 3109
21 16 12 6891
21 16 13 13062
21 16 14 22467
21 16 15 35673
21 16 16 51292
21 16 17 67746
21 16 18 83209
21 16 19 95010
21 16 20 101313
21 16 21 101477
21 16 22 95625
21 16 23 84828
21 16 24 70638
21 16 25 55169
21 16 26 40548
21 16 27 28238
21 16 28 18206
21 16 29 10975
21 16 30 6420
21 16 31 3405
21 16 32 1656
21 16 33 759
21 16 34 310
21 16 35 125
21 16 36 39
21 16 37 12
21 16 38 7
21 17 6 7
21 17 7 32
21 17 8 137
21 17 9 541
21 17 10 1473
21 17 11 3803
21 17 12 8205
21 17 13 16372
21 17 14 28707
21 17 15 46068
21 17 16 66438
21 17 17 86752
21 17 18 103731
21 17 19 114096
21 17 20 114782
21 17 21 106892
21 17 22 91360
21 17 23 72722
21 17 24 53045
21 17 25 36283
21 17 26 22530
21 17 27 13144
21 17 28 7064
21 17 29 3399
21 17 30 1531
21 17 31 603
21 17 32 198
21 17 33 61
21 17 34 22
21 17 35 2
21 19 1 3284
21 19 2 14528
21 19 3 40317
21 19 4 77985
21 19 5 115766
21 19 6 139841
21 19 7 146975
21 19 8 136981
21 19 9 114689
21 19 10 85970
21 19 11 57367
21 19 12 34347
21 19 13 18276
21 19 14 8592
21 19 15 3280
21 19 16 1109
21 19 17 288
21 19 18 47
21 19 19 7
21 19 20 2
21 20 20 12
21 20 21 47
21 20 22 190
21 20 23 616
21 20 24 1829
21 20 25 4845
21 20 26 10510
21 20 27 20803
21 20 28 35666
21 20 29 55600
21 20 30 77643
21 20 31 98199
21 20 32 112537
21 20 33 118697
21 20 34 113607
21 20 35 100473
21 20 36 82611
21 20 37 61995
21 20 38 43202
21 20 39 27541
21 20 40 16334
21 20 41 9210
21 20 42 4447
21 20 43 2106
21 20 44 833
21 20 45 300
21 20 46 98
21 20 47 33
21 20 48 12
21 20 49 3
21 20 50 1
21 21 3 43
21 21 4 459
21 21 5 2990
21 21 6 11410
21 21 7 31420
21 21 8 65189
21 21 9 106174
21 21 10 140676
21 21 11 156300
21 21 12 149616
21 21 13 124707
21 21 14 91762
21 21 15 59058
21 21 16 33356
21 21 17 16393
21 21 18 7049
21 21 19 2481
21 21 20 728
21 21 21 161
21 21 22 26
21 21 23 2
21 22 1 36
21 22 2 550
21 22 3 3310
21 22 4 13241
21 22 5 36241
21 22 6 73696
21 22 7 117479
21 22 8 150316
21 22 9 160525
21 22 10 146719
21 22 11 116770
21 22 12 83280
21 22 13 51601
21 22 14 27721
21 22 15 12262
21 22 16 4580
21 22 17 1296
21 22 18 316
21 22 19 54
21 22 20 7
21 23 1 3284
21 23 2 16075
21 23 3 47350
21 23 4 96664
21 23 5 144527
21 23 6 169769
21 23 7 163722
21 23 8 136451
21 23 9 100685
21 23 10 64246
21 23 11 34584
21 23 12 15285
21 23 13 5352
21 23 14 1390
21 23 15 281
21 23 16 27
21 23 17 1
21 24 4 21797
21 24 5 84987
21 24 6 148678
21 24 7 178271
21 24 8 181326
21 24 9 154519
21 24 10 109548
21 24 11 65298
21 24 12 33913
21 24 13 14963
21 24 14 5158
21 24 15 1333
21 24 16 190
21 24 17 19
21 25 8 8824
21 25 9 48479
21 25 10 116317
21 25 11 168709
21 25 12 184366
21 25 13 170472
21 25 14 133928
21 25 15 86664
21 25 16 48152
21 25 17 22742
21 25 18 8543
21 25 19 2412
21 25 20 358
21 25 21 34
21 26 2 501283
21 26 3 498717
21 27 8 1939
21 27 9 17523
21 27 10 70629
21 27 11 163692
21 27 12 246183
21 27 13 245639
21 27 14 164409
21 27 15 70436
21 27 16 17651
21 27 17 1899
21 28 2 500425
21 28 3 499575
21 29 1 1982
21 29 2 17601
21 29 3 70568
21 29 4 164606
21 29 5 245088
21 29 6 246059
21 29 7 164018
21 29 8 70403
21 29 9 17726
21 29 10 1949
21 30 3 1000000
21 31 3 1000000
21 32 7 249825
21 32 8 500294
21 32 9 249881
21 33 3 124951
21 33 4 375356
21 33 5 374617
21 33 6 125076
21 34 1 499951
21 34 2 250318
21 35 4 31275
21 35 5 156496
21 35 6 312534
21 35 7 312512
21 35 8 156072
21 35 9 31111
21 36 7 125361
21 36 8 374788
21 36 9 374577
21 36 10 125274
21 37 9 1000000
21 38 4 1000000
21 39 10 1000000
21 40 4 1000000
21 41 3 1000000
22 0 39 1
22 1 14 3
22 1 15 2
22 1 16 7
22 1 17 26
22 1 18 48
22 1 19 101
22 1 20 206
22 1 21 431
22 1 22 727
22 1 23 1189
22 1 24 2050
22 1 25 3173
22 1 26 4777
22 1 27 7388
22 1 28 10282
22 1 29 14512
22 1 30 19245
22 1 31 24740
22 1 32 31043
22 1 33 37773
22 1 34 45219
22 1 35 51987
22 1 36 57971
22 1 37 63115
22 1 38 66094
22 1 39 67894
22 1 40 67404
22 1 41 64936
22 1 42 61389
22 1 43 55690
22 1 44 49657
22 1 45 43140
22 1 46 36194
22 1 47 29136
22 1 48 23198
22 1 49 17827
22 1 50 13214
22 1 51 9480
22 1 52 6613
22 1 53 4562
22 1 54 3005
22 1 55 1900
22 1 56 1170
22 1 57 679
22 1 58 377
22 1 59 209
22 1 60 119
22 1 61 46
22 1 62 28
22 1 63 10
22 1 64 9
22 1 65 2
22 1 66 3
22 2 1 13414
22 2 2 64928
22 2 3 131777
22 2 4 154584
22 2 5 136973
22 2 6 125516
22 2 7 119981
22 2 8 101738
22 2 9 71606
22 2 10 42287
22 2 11 21828
22 2 12 9880
22 2 13 3878
22 2 14 1263
22 2 15 288
22 2 16 57
22 2 17 2
22 3 1 149015
22 3 2 139412
22 3 3 135775
22 3 4 128506
22 3 5 116164
22 3 6 92021
22 3 7 61314
22 3 8 34297
22 3 9 16246
22 3 10 6705
22 3 11 2428
22 3 12 834
22 3 13 226
22 3 14 63
22 3 15 7
22 4 1 9
22 4 2 75
22 4 3 381
22 4 4 1556
22 4 5 4530
22 4 6 11567
22 4 7 23325
22 4 8 41196
22 4 9 63440
22 4 10 86220
22 4 11 106659
22 4 12 117803
22 4 13 121405
22 4 14 112848
22 4 15 96177
22 4 16 75423
22 4 17 54357
22 4 18 36029
22 4 19 22231
22 4 20 12543
22 4 21 6637
22 4 22 3141
22 4 23 1464
22 4 24 621
22 4 25 233
22 4 26 89
22 4 27 30
22 4 28 7
22 4 29 2
22 4 30 1
22 4 32 1
22 5 1 125374
22 5 2 375530
22 5 3 124790
22 6 1 426
22 6 2 4027
22 6 3 18267
22 6 4 48701
22 6 5 87149
22 6 6 114351
22 6 7 120846
22 6 8 120088
22 6 9 124283
22 6 10 125416
22 6 11 106633
22 6 12 72222
22 6 13 37647
22 6 14 14666
22 6 15 4301
22 6 16 849
22 6 17 117
22 6 18 11
22 7 1 174576
22 7 2 212315
22 7 3 183050
22 7 4 152043
22 7 5 112736
22 7 6 66720
22 7 7 28455
22 7 8 8200
22 7 9 1451
22 7 10 130
22 8 1 187313
22 8 2 297819
22 8 3 249624
22 8 4 140331
22 8 5 62538
22 8 6 15612
22 9 1 6578
22 9 2 17533
22 9 3 36008
22 9 4 59049
22 9 5 82760
22 9 6 102719
22 9 7 114337
22 9 8 117014
22 9 9 111084
22 9 10 96405
22 9 11 78798
22 9 12 60540
22 9 13 43814
22 9 14 29531
22 9 15 18831
22 9 16 11079
22 9 17 6398
22 9 18 3252
22 9 19 1683
22 9 20 711
22 9 21 330
22 9 22 121
22 9 23 58
22 9 24 18
22 9 25 4
22 9 26 3
22 11 1 249766
22 11 2 125124
22 12 1 180849
22 12 2 222311
22 12 3 180258
22 12 4 121643
22 12 5 67235
22 12 6 28974
22 12 7 9815
22 12 8 2172
22 12 9 236
22 13 1 158298
22 13 2 263215
22 13 3 158657
22 13 4 105380
22 13 5 52566
22 13 6 17435
22 13 7 5828
22 13 8 1020
22 14 1 71254
22 14 2 116006
22 14 3 151847
22 14 4 167331
22 14 5 151860
22 14 6 122713
22 14 7 87153
22 14 8 54368
22 14 9 30130
22 14 10 14931
22 14 11 6376
22 14 12 2308
22 14 13 767
22 14 14 191
22 14 15 22
22 14 16 5
22 15 1 16482
22 15 2 52326
22 15 3 102383
22 15 4 146757
22 15 5 165251
22 15 6 158177
22 15 7 130898
22 15 8 96174
22 15 9 62683
22 15 10 36393
22 15 11 18269
22 15 12 7854
22 15 13 2936
22 15 14 824
22 15 15 192
22 15 16 31
22 15 17 2
22 16 1 2262
22 16 2 12163
22 16 3 39523
22 16 4 86689
22 16 5 142809
22 16 6 181700
22 16 7 182700
22 16 8 149982
22 16 9 102499
22 16 10 58048
22 16 11 26994
22 16 12 10416
22 16 13 3175
22 16 14 731
22 16 15 108
22 16 16 11
22 17 1 579
22 17 2 3780
22 17 3 13504
22 17 4 35213
22 17 5 70633
22 17 6 112735
22 17 7 148446
22 17 8 164482
22 17 9 154037
22 17 10 123344
22 17 11 83188
22 17 12 49812
22 17 13 25005
22 17 14 10277
22 17 15 3667
22 17 16 1001
22 17 17 222
22 17 18 30
22 17 19 1
22 19 1 280592
22 19 2 312442
22 19 3 187475
22 19 4 93901
22 19 5 31388
22 20 4 114
22 20 5 1369
22 20 6 7808
22 20 7 26893
22 20 8 64776
22 20 9 115310
22 20 10 161142
22 20 11 179281
22 20 12 165118
22 20 13 125355
22 20 14 79650
22 20 15 43301
22 20 16 19781
22 20 17 7246
22 20 18 2254
22 20 19 513
22 20 20 80
22 20 21 8
22 20 22 1
22 21 1 149122
22 21 2 120931
22 21 3 144209
22 21 4 207142
22 21 5 144746
22 21 6 81614
22 21 7 58795
22 21 8 23434
22 21 9 3893
22 24 2 421008
22 24 3 140868
22 24 4 140619
22 24 5 187306
22 24 6 47048
22 24 7 47238
22 24 8 15913
22 25 3 74821
22 25 4 192331
22 25 5 217223
22 25 6 196284
22 25 7 159628
22 25 8 92598
22 25 9 44697
22 25 10 17602
22 25 11 4377
22 25 12 439
22 27 1 375156
22 27 2 375135
22 27 3 125234
22 28 2 499576
22 29 1 124849
22 29 2 218408
22 29 3 250389
22 29 4 218229
22 29 5 125168
22 29 6 31449
22 30 1 1000000
22 32 2 1000000
22 34 4 1000000
22 35 3 31122
22 35 4 156481
22 35 5 312421
22 35 6 312412
22 35 7 156374
22 35 8 31190
22 36 4 1000000
22 37 8 1000000
22 38 3 1000000
22 41 2 1000000
23 0 18 1
23 0 153 1
23 1 47 1
23 1 63 1
23 1 65 1
23 1 66 3
23 1 67 8
23 1 68 9
23 1 69 11
23 1 70 22
23 1 71 22
23 1 72 46
23 1 73 44
23 1 74 71
23 1 75 103
23 1 76 141
23 1 77 195
23 1 78 285
23 1 79 426
23 1 80 493
23 1 81 732
23 1 82 939
23 1 83 1192
23 1 84 1499
23 1 85 1909
23 1 86 2494
23 1 87 3017
23 1 88 3797
23 1 89 4735
23 1 90 5576
23 1 91 6597
23 1 92 7917
23 1 93 9392
23 1 94 10828
23 1 95 12554
23 1 96 14119
23 1 97 16200
23 1 98 17939
23 1 99 20137
23 1 100 22182
23 1 101 24221
23 1 102 26166
23 1 103 28271
23 1 104 30255
23 1 105 32071
23 1 106 33249
23 1 107 34400
23 1 108 34809
23 1 109 35653
23 1 110 36484
23 1 111 36749
23 1 112 36636
23 1 113 35672
23 1 114 34916
23 1 115 34146
23 1 116 32666
23 1 117 31309
23 1 118 29487
23 1 119 27795
23 1 120 26052
23 1 121 24224
23 1 122 22097
23 1 123 19971
23 1 124 17642
23 1 125 16142
23 1 126 14264
23 1 127 12586
23 1 128 11033
23 1 129 9340
23 1 130 8126
23 1 131 6961
23 1 132 5814
23 1 133 4895
23 1 134 4038
23 1 135 3330
23 1 136 2684
23 1 137 2194
23 1 138 1790
23 1 139 1424
23 1 140 1184
23 1 141 907
23 1 142 649
23 1 143 567
23 1 144 402
23 1 145 270
23 1 146 259
23 1 147 160
23 1 148 125
23 1 149 71
23 1 150 62
23 1 151 40
23 1 152 30
23 1 153 23
23 1 154 12
23 1 155 12
23 1 156 12
23 1 157 4
23 1 158 4
23 1 159 4
23 1 161 1
23 1 162 2
23 1 166 1
23 2 4 44
23 2 5 346
23 2 6 1456
23 2 7 4382
23 2 8 9959
23 2 9 18052
23 2 10 29737
23 2 11 43504
23 2 12 58138
23 2 13 72175
23 2 14 83962
23 2 15 91414
23 2 16 93747
23 2 17 91914
23 2 18 85055
23 2 19 75377
23 2 20 63418
23 2 21 51482
23 2 22 39280
23 2 23 29184
23 2 24 20588
23 2 25 14262
23 2 26 9129
23 2 27 5699
23 2 28 3453
23 2 29 1973
23 2 30 1134
23 2 31 576
23 2 32 319
23 2 33 135
23 2 34 53
23 2 35 33
23 2 36 11
23 2 37 7
23 2 38 2
23 3 1 11853
23 3 2 19889
23 3 3 30153
23 3 4 41900
23 3 5 52002
23 3 6 60861
23 3 7 68035
23 3 8 72423
23 3 9 74103
23 3 10 73482
23 3 11 70798
23 3 12 66775
23 3 13 61341
23 3 14 55351
23 3 15 48636
23 3 16 41469
23 3 17 34824
23 3 18 28496
23 3 19 22597
23 3 20 17486
23 3 21 13223
23 3 22 9758
23 3 23 7004
23 3 24 4815
23 3 25 3276
23 3 26 2021
23 3 27 1349
23 3 28 822
23 3 29 509
23 3 30 266
23 3 31 150
23 3 32 87
23 3 33 43
23 3 34 23
23 3 35 14
23 3 36 8
23 3 37 2
23 3 38 1
23 4 9 1
23 4 10 6
23 4 11 21
23 4 12 52
23 4 13 133
23 4 14 316
23 4 15 600
23 4 16 1141
23 4 17 1957
23 4 18 3524
23 4 19 5714
23 4 20 9037
23 4 21 12882
23 4 22 18400
23 4 23 24584
23 4 24 31565
23 4 25 38909
23 4 26 47048
23 4 27 54359
23 4 28 60910
23 4 29 64930
23 4 30 67868
23 4 31 69458
23 4 32 67722
23 4 33 64702
23 4 34 60622
23 4 35 54652
23 4 36 48492
23 4 37 41510
23 4 38 34787
23 4 39 28389
23 4 40 22390
23 4 41 17508
23 4 42 13335
23 4 43 9990
23 4 44 7147
23 4 45 5106
23 4 46 3504
23 4 47 2367
23 4 48 1586
23 4 49 1050
23 4 50 675
23 4 51 443
23 4 52 267
23 4 53 145
23 4 54 86
23 4 55 57
23 4 56 22
23 4 57 21
23 4 58 3
23 4 59 1
23 4 60 4
23 4 61 2
23 5 1 24709
23 5 2 47379
23 5 3 77754
23 5 4 99419
23 5 5 113372
23 5 6 117894
23 5 7 110696
23 5 8 100226
23 5 9 85585
23 5 10 69013
23 5 11 52132
23 5 12 37346
23 5 13 24527
23 5 14 15103
23 5 15 8710
23 5 16 4483
23 5 17 2137
23 5 18 954
23 5 19 340
23 5 20 127
23 5 21 46
23 5 22 14
23 5 23 2
23 6 1 401
23 6 2 2301
23 6 3 7813
23 6 4 18384
23 6 5 33833
23 6 6 50537
23 6 7 63480
23 6 8 73672
23 6 9 80230
23 6 10 86115
23 6 11 90828
23 6 12 90555
23 6 13 85374
23 6 14 75818
23 6 15 64087
23 6 16 52002
23 6 17 40202
23 6 18 30148
23 6 19 21772
23 6 20 13901
23 6 21 8746
23 6 22 5038
23 6 23 2541
23 6 24 1291
23 6 25 573
23 6 26 207
23 6 27 83
23 6 28 25
23 6 29 4
23 6 30 1
23 6 31 1
23 7 1 11499
23 7 2 30682
23 7 3 56542
23 7 4 83564
23 7 5 103780
23 7 6 112852
23 7 7 112658
23 7 8 106469
23 7 9 95586
23 7 10 82253
23 7 11 67726
23 7 12 51307
23 7 13 35508
23 7 14 22590
23 7 15 12868
23 7 16 6703
23 7 17 3169
23 7 18 1361
23 7 19 480
23 7 20 184
23 7 21 46
23 7 22 22
23 7 23 2
23 7 24 1
23 8 1 187
23 8 2 1051
23 8 3 4024
23 8 4 10924
23 8 5 23621
23 8 6 41976
23 8 7 64981
23 8 8 87137
23 8 9 105332
23 8 10 114331
23 8 11 113939
23 8 12 104678
23 8 13 90021
23 8 14 72306
23 8 15 55502
23 8 16 39415
23 8 17 27241
23 8 18 17850
23 8 19 11258
23 8 20 6680
23 8 21 3693
23 8 22 2046
23 8 23 996
23 8 24 463
23 8 25 192
23 8 26 88
23 8 27 37
23 8 28 12
23 8 29 7
23 9 2 2
23 9 3 15
23 9 4 61
23 9 5 158
23 9 6 446
23 9 7 1031
23 9 8 2088
23 9 9 4037
23 9 10 7295
23 9 11 12055
23 9 12 18295
23 9 13 25809
23 9 14 35031
23 9 15 44746
23 9 16 54258
23 9 17 63646
23 9 18 70526
23 9 19 75481
23 9 20 77289
23 9 21 76278
23 9 22 72243
23 9 23 66843
23 9 24 59545
23 9 25 51503
23 9 26 43636
23 9 27 35166
23 9 28 28201
23 9 29 21607
23 9 30 16571
23 9 31 11898
23 9 32 8390
23 9 33 5850
23 9 34 3743
23 9 35 2418
23 9 36 1609
23 9 37 1012
23 9 38 517
23 9 39 316
23 9 40 188
23 9 41 92
23 9 42 47
23 9 43 32
23 9 44 12
23 9 45 7
23 9 46 3
23 9 47 2
23 9 48 2
23 10 1 375020
23 10 2 374619
23 10 3 125237
23 11 2 249534
23 11 3 93287
23 11 4 31128
23 11 5 124978
23 11 7 31113
23 12 2 1179
23 12 3 4207
23 12 4 9768
23 12 5 18848
23 12 6 30729
23 12 7 45262
23 12 8 59920
23 12 9 73329
23 12 10 83981
23 12 11 90015
23 12 12 91859
23 12 13 89825
23 12 14 82763
23 12 15 73962
23 12 16 62918
23 12 17 50818
23 12 18 39886
23 12 19 29803
23 12 20 21353
23 12 21 14751
23 12 22 9938
23 12 23 6282
23 12 24 3843
23 12 25 2276
23 12 26 1238
23 12 27 672
23 12 28 310
23 12 29 139
23 12 30 85
23 12 31 26
23 12 32 6
23 12 33 4
23 12 34 4
23 12 36 1
23 13 1 2288
23 13 2 6454
23 13 3 12593
23 13 4 21564
23 13 5 33152
23 13 6 45637
23 13 7 58834
23 13 8 69517
23 13 9 77980
23 13 10 83229
23 13 11 84822
23 13 12 82927
23 13 13 78461
23 13 14 71487
23 13 15 62971
23 13 16 53471
23 13 17 43856
23 13 18 34605
23 13 19 25914
23 13 20 18480
23 13 21 12577
23 13 22 7859
23 13 23 4806
23 13 24 2633
23 13 25 1474
23 13 26 740
23 13 27 346
23 13 28 159
23 13 29 56
23 13 30 28
23 13 31 7
23 13 32 3
23 13 33 2
23 14 1 10653
23 14 2 36822
23 14 3 80347
23 14 4 127028
23 14 5 158775
23 14 6 166001
23 14 7 147439
23 14 8 113285
23 14 9 75872
23 14 10 44454
23 14 11 22720
23 14 12 9892
23 14 13 3699
23 14 14 1149
23 14 15 283
23 14 16 72
23 14 17 9
23 14 18 4
23 15 2 1
23 15 3 4
23 15 4 31
23 15 5 132
23 15 6 475
23 15 7 1413
23 15 8 3467
23 15 9 7463
23 15 10 14273
23 15 11 24605
23 15 12 38562
23 15 13 54511
23 15 14 71847
23 15 15 86041
23 15 16 96584
23 15 17 100801
23 15 18 98958
23 15 19 91985
23 15 20 80439
23 15 21 66506
23 15 22 51729
23 15 23 38591
23 15 24 26769
23 15 25 18327
23 15 26 11554
23 15 27 6929
23 15 28 3921
23 15 29 2157
23 15 30 1085
23 15 31 481
23 15 32 215
23 15 33 90
23 15 34 32
23 15 35 15
23 15 36 6
23 15 37 1
23 16 2 3
23 16 3 35
23 16 4 150
23 16 5 496
23 16 6 1389
23 16 7 3233
23 16 8 6410
23 16 9 11502
23 16 10 18942
23 16 11 27833
23 16 12 38247
23 16 13 49546
23 16 14 60483
23 16 15 69278
23 16 16 76274
23 16 17 79560
23 16 18 80531
23 16 19 78012
23 16 20 73645
23 16 21 66735
23 16 22 58848
23 16 23 50232
23 16 24 41136
23 16 25 32321
23 16 26 24909
23 16 27 17908
23 16 28 12509
23 16 29 8215
23 16 30 5099
23 16 31 3071
23 16 32 1679
23 16 33 942
23 16 34 482
23 16 35 210
23 16 36 90
23 16 37 27
23 16 38 12
23 16 39 2
23 16 40 3
23 16 42 1
23 17 3 3
23 17 4 9
23 17 5 46
23 17 6 185
23 17 7 594
23 17 8 1577
23 17 9 3603
23 17 10 7050
23 17 11 12589
23 17 12 20862
23 17 13 31833
23 17 14 44227
23 17 15 58043
23 17 16 71205
23 17 17 82977
23 17 18 90910
23 17 19 94268
23 17 20 91242
23 17 21 85933
23 17 22 75611
23 17 23 63631
23 17 24 50729
23 17 25 38199
23 17 26 27473
23 17 27 18695
23 17 28 12044
23 17 29 7494
23 17 30 4348
23 17 31 2370
23 17 32 1206
23 17 33 561
23 17 34 288
23 17 35 134
23 17 36 40
23 17 37 16
23 17 38 5
23 19 1 26774
23 19 2 64861
23 19 3 91186
23 19 4 87087
23 19 5 74323
23 19 6 79500
23 19 7 102611
23 19 8 116805
23 19 9 104505
23 19 10 80119
23 19 11 58394
23 19 12 41341
23 19 13 27501
23 19 14 18129
23 19 15 10975
23 19 16 6127
23 19 17 2999
23 19 18 1362
23 19 19 527
23 19 20 171
23 19 21 52
23 19 22 6
23 19 23 3
23 20 7 10
23 20 8 105
23 20 9 598
23 20 10 2627
23 20 11 8021
23 20 12 19856
23 20 13 41149
23 20 14 69568
23 20 15 101520
23 20 16 127574
23 20 17 139967
23 20 18 135607
23 20 19 118202
23 20 20 90959
23 20 21 63418
23 20 22 39601
23 20 23 22269
23 20 24 11180
23 20 25 4915
23 20 26 1980
23 20 27 619
23 20 28 199
23 20 29 38
23 20 30 16
23 20 31 2
23 21 1 9303
23 21 2 30283
23 21 3 63765
23 21 4 100497
23 21 5 131081
23 21 6 147373
23 21 7 143895
23 21 8 124589
23 21 9 96140
23 21 10 66770
23 21 11 41928
23 21 12 23134
23 21 13 11815
23 21 14 5221
23 21 15 1971
23 21 16 677
23 21 17 176
23 21 18 38
23 21 19 8
23 21 20 1
23 22 1 156731
23 22 2 313052
23 22 3 311886
23 22 4 155902
23 22 5 30985
23 23 1 499766
23 23 2 250362
23 24 1 499464
23 25 6 94047
23 25 7 313069
23 25 8 374390
23 25 9 187049
23 25 10 31445
23 26 1 1
23 26 2 62439
23 26 3 249977
23 26 4 374589
23 26 5 250258
23 26 6 62736
23 27 1 187771
23 27 2 249094
23 27 3 250526
23 27 4 187622
23 27 5 62676
23 28 1 250023
23 28 3 250521
23 28 4 249567
23 29 1 7786
23 29 2 54695
23 29 3 163996
23 29 4 273575
23 29 5 272890
23 29 6 164576
23 29 7 54606
23 29 8 7876
23 30 2 62972
23 30 3 250316
23 30 4 375011
23 30 5 249256
23 30 6 62445
23 31 3 62648
23 31 4 250068
23 31 5 374913
23 31 6 250058
23 31 7 62313
23 32 6 125154
23 32 7 374633
23 32 8 374749
23 32 9 125464
23 33 1 30962
23 33 2 125155
23 33 3 187877
23 33 4 156383
23 33 5 155966
23 33 6 187548
23 33 7 124950
23 33 8 31159
23 34 3 11744
23 34 4 74232
23 34 5 199814
23 34 6 292626
23 34 7 254264
23 34 8 128339
23 34 9 35110
23 34 10 3871
23 35 1 6090
23 35 2 41688
23 35 3 124658
23 35 4 216433
23 35 5 246385
23 35 6 194563
23 35 7 109632
23 35 8 45043
23 35 9 12847
23 35 10 2437
23 35 11 224
23 36 5 250019
23 36 6 500144
23 36 7 249837
23 37 6 31111
23 37 7 156313
23 37 8 312140
23 37 9 312465
23 37 10 156647
23 37 11 31324
23 38 1 1000000
23 39 3 1000000
23 41 10 1000000
23 42 3 1000000
23 43 5 1000000
23 44 6 1000000
23 45 4 1000000
24 0 2 1
24 0 71 1
24 1 35 1
24 1 38 3
24 1 39 8
24 1 40 15
24 1 41 26
24 1 42 34
24 1 43 63
24 1 44 74
24 1 45 141
24 1 46 180
24 1 47 299
24 1 48 428
24 1 49 580
24 1 50 868
24 1 51 1195
24 1 52 1605
24 1 53 2143
24 1 54 2696
24 1 55 3573
24 1 56 4478
24 1 57 5757
24 1 58 7252
24 1 59 8762
24 1 60 10686
24 1 61 12616
24 1 62 15105
24 1 63 17710
24 1 64 20220
24 1 65 22709
24 1 66 25746
24 1 67 28463
24 1 68 31194
24 1 69 33977
24 1 70 36372
24 1 71 38035
24 1 72 39791
24 1 73 41100
24 1 74 41910
24 1 75 42446
24 1 76 42453
24 1 77 42257
24 1 78 41164
24 1 79 39246
24 1 80 38031
24 1 81 35448
24 1 82 33011
24 1 83 30565
24 1 84 28003
24 1 85 25277
24 1 86 22560
24 1 87 20106
24 1 88 17454
24 1 89 15098
24 1 90 13110
24 1 91 11131
24 1 92 9160
24 1 93 7755
24 1 94 6291
24 1 95 5199
24 1 96 4233
24 1 97 3291
24 1 98 2639
24 1 99 2039
24 1 100 1632
24 1 101 1176
24 1 102 912
24 1 103 665
24 1 104 534
24 1 105 383
24 1 106 311
24 1 107 190
24 1 108 133
24 1 109 87
24 1 110 69
24 1 111 54
24 1 112 28
24 1 113 13
24 1 114 9
24 1 115 10
24 1 116 2
24 1 117 3
24 1 118 2
24 1 119 3
24 1 120 1
24 1 121 1
24 2 1 4367
24 2 2 9416
24 2 3 14727
24 2 4 23060
24 2 5 34497
24 2 6 45038
24 2 7 53749
24 2 8 63660
24 2 9 71262
24 2 10 74606
24 2 11 75862
24 2 12 74740
24 2 13 70067
24 2 14 64254
24 2 15 57933
24 2 16 50335
24 2 17 43357
24 2 18 36058
24 2 19 29905
24 2 20 24432
24 2 21 19660
24 2 22 15264
24 2 23 11722
24 2 24 9003
24 2 25 6633
24 2 26 4945
24 2 27 3551
24 2 28 2505
24 2 29 1681
24 2 30 1067
24 2 31 696
24 2 32 494
24 2 33 258
24 2 34 135
24 2 35 89
24 2 36 32
24 2 37 16
24 2 38 7
24 2 39 6
24 2 40 5
24 3 1 58046
24 3 2 93125
24 3 3 108525
24 3 4 118187
24 3 5 114077
24 3 6 106249
24 3 7 92578
24 3 8 76593
24 3 9 60232
24 3 10 44903
24 3 11 32324
24 3 12 21803
24 3 13 13693
24 3 14 8150
24 3 15 4725
24 3 16 2450
24 3 17 1254
24 3 18 609
24 3 19 294
24 3 20 118
24 3 21 42
24 3 22 27
24 3 23 6
24 3 24 4
24 3 25 2
24 3 26 1
24 4 1 75
24 4 2 475
24 4 3 1707
24 4 4 4397
24 4 5 9441
24 4 6 17838
24 4 7 29234
24 4 8 43454
24 4 9 59273
24 4 10 74307
24 4 11 86811
24 4 12 94567
24 4 13 97413
24 4 14 93854
24 4 15 86282
24 4 16 74431
24 4 17 62308
24 4 18 49166
24 4 19 37643
24 4 20 27116
24 4 21 18693
24 4 22 12691
24 4 23 7980
24 4 24 4887
24 4 25 2816
24 4 26 1572
24 4 27 830
24 4 28 398
24 4 29 197
24 4 30 83
24 4 31 32
24 4 32 14
24 4 33 9
24 4 34 1
24 5 3 500307
24 6 1 4279
24 6 2 16700
24 6 3 39835
24 6 4 66705
24 6 5 86178
24 6 6 98454
24 6 7 109739
24 6 8 120012
24 6 9 118913
24 6 10 105385
24 6 11 83608
24 6 12 60501
24 6 13 40488
24 6 14 24392
24 6 15 13535
24 6 16 6537
24 6 17 2852
24 6 18 956
24 6 19 323
24 6 20 81
24 6 21 13
24 6 22 2
24 7 1 34230
24 7 2 49421
24 7 3 62328
24 7 4 91914
24 7 5 108630
24 7 6 104260
24 7 7 104983
24 7 8 99204
24 7 9 84456
24 7 10 71412
24 7 11 57719
24 7 12 43479
24 7 13 30755
24 7 14 20528
24 7 15 12690
24 7 16 7441
24 7 17 3730
24 7 18 1783
24 7 19 711
24 7 20 270
24 7 21 88
24 7 22 24
24 7 23 5
24 8 1 10230
24 8 2 24197
24 8 3 40113
24 8 4 58967
24 8 5 79579
24 8 6 96667
24 8 7 105315
24 8 8 106721
24 8 9 102109
24 8 10 91796
24 8 11 78111
24 8 12 62932
24 8 13 47793
24 8 14 34496
24 8 15 23574
24 8 16 15305
24 8 17 9356
24 8 18 5366
24 8 19 2861
24 8 20 1371
24 8 21 687
24 8 22 290
24 8 23 89
24 8 24 23
24 8 25 6
24 8 26 1
24 9 1 6963
24 9 2 14215
24 9 3 24763
24 9 4 39139
24 9 5 55042
24 9 6 71094
24 9 7 85816
24 9 8 96429
24 9 9 100663
24 9 10 101186
24 9 11 95090
24 9 12 82592
24 9 13 68087
24 9 14 53330
24 9 15 38817
24 9 16 26758
24 9 17 17066
24 9 18 10284
24 9 19 5692
24 9 20 2925
24 9 21 1421
24 9 22 562
24 9 23 235
24 9 24 86
24 9 25 28
24 9 26 7
24 9 27 1
24 10 1 375505
24 10 2 374324
24 10 3 125339
24 11 1 23499
24 11 2 38886
24 11 3 62370
24 11 4 78234
24 11 5 78209
24 11 6 77311
24 11 7 62602
24 11 8 39042
24 11 9 23757
24 11 10 7842
24 12 1 245091
24 12 2 200064
24 12 3 104872
24 12 4 61488
24 12 5 24466
24 12 6 6802
24 12 7 963
24 13 1 10309
24 13 2 17488
24 13 3 22932
24 13 4 31995
24 13 5 40072
24 13 6 49322
24 13 7 56762
24 13 8 63844
24 13 9 68302
24 13 10 71004
24 13 11 72744
24 13 12 71386
24 13 13 68251
24 13 14 63624
24 13 15 57497
24 13 16 50240
24 13 17 42681
24 13 18 35564
24 13 19 28093
24 13 20 21759
24 13 21 16024
24 13 22 11484
24 13 23 7762
24 13 24 5174
24 13 25 3263
24 13 26 2058
24 13 27 1161
24 13 28 562
24 13 29 324
24 13 30 129
24 13 31 64
24 13 32 31
24 13 33 5
24 13 34 3
24 13 35 1
24 13 36 1
24 14 1 125190
24 14 2 169964
24 14 3 145736
24 14 4 104534
24 14 5 74178
24 14 6 53332
24 14 7 35147
24 14 8 21379
24 14 9 11532
24 14 10 5498
24 14 11 2169
24 14 12 802
24 14 13 247
24 14 14 60
24 14 15 11
24 15 1 12200
24 15 2 164569
24 15 3 130627
24 15 4 52103
24 15 5 157364
24 15 6 81869
24 15 7 65276
24 15 8 73524
24 15 9 43092
24 15 10 31711
24 15 11 21925
24 15 12 12292
24 15 13 6001
24 15 14 3076
24 15 15 1176
24 15 16 364
24 15 17 65
24 16 4 216
24 16 5 1624
24 16 6 5769
24 16 7 13377
24 16 8 21631
24 16 9 29927
24 16 10 37680
24 16 11 46910
24 16 12 57353
24 16 13 66714
24 16 14 72546
24 16 15 76018
24 16 16 76875
24 16 17 75105
24 16 18 71817
24 16 19 66524
24 16 20 59768
24 16 21 51588
24 16 22 43543
24 16 23 34965
24 16 24 27378
24 16 25 20637
24 16 26 14971
24 16 27 10322
24 16 28 6822
24 16 29 4264
24 16 30 2601
24 16 31 1502
24 16 32 839
24 16 33 391
24 16 34 185
24 16 35 88
24 16 36 33
24 16 37 15
24 16 38 2
24 17 1 202
24 17 2 940
24 17 3 3328
24 17 4 8411
24 17 5 17390
24 17 6 30809
24 17 7 48911
24 17 8 68249
24 17 9 87366
24 17 10 102986
24 17 11 111250
24 17 12 112380
24 17 13 104446
24 17 14 89841
24 17 15 71818
24 17 16 53729
24 17 17 36977
24 17 18 23397
24 17 19 13771
24 17 20 7516
24 17 21 3760
24 17 22 1629
24 17 23 638
24 17 24 177
24 17 25 53
24 17 26 7
24 19 1 58479
24 19 2 97790
24 19 3 106875
24 19 4 123451
24 19 5 112481
24 19 6 109000
24 19 7 92518
24 19 8 74147
24 19 9 56609
24 19 10 40457
24 19 11 27543
24 19 12 17580
24 19 13 10379
24 19 14 5732
24 19 15 2989
24 19 16 1384
24 19 17 605
24 19 18 220
24 19 19 71
24 19 20 24
24 19 21 4
24 19 22 1
24 20 2 1017
24 20 3 7589
24 20 4 23562
24 20 5 46159
24 20 6 69189
24 20 7 96313
24 20 8 124440
24 20 9 137643
24 20 10 131242
24 20 11 117861
24 20 12 97575
24 20 13 69060
24 20 14 41768
24 20 15 22269
24 20 16 10191
24 20 17 3376
24 20 18 675
24 20 19 71
24 21 1 244955
24 21 2 200089
24 21 3 104475
24 21 4 61545
24 21 5 24377
24 21 6 6892
24 21 7 962
24 22 1 375308
24 22 2 375127
24 22 3 124734
24 23 4 500419
24 24 3 500326
24 24 6 249370
24 25 1 262032
24 25 2 154235
24 25 3 39063
24 25 4 33360
24 25 5 35354
24 25 6 60444
24 25 7 77679
24 25 8 60200
24 25 9 35003
24 25 10 33212
24 25 11 39021
24 25 12 29544
24 25 13 11639
24 25 14 1897
24 26 2 62538
24 26 3 249471
24 26 4 375421
24 26 5 250157
24 26 6 62413
24 27 1 125160
24 27 2 187020
24 27 3 156414
24 27 4 156228
24 27 5 187965
24 27 6 124937
24 27 7 31019
24 28 3 250438
24 28 6 249971
24 28 7 249474
24 28 10 250117
24 29 1 62059
24 29 2 94144
24 29 3 62420
24 29 4 46709
24 29 5 124804
24 29 6 187326
24 29 7 125098
24 29 8 46770
24 29 9 62459
24 29 10 94039
24 29 11 62663
24 29 12 15758
24 30 2 1000000
24 32 5 251068
24 32 6 498508
24 32 7 250424
24 33 1 124530
24 33 2 62850
24 33 3 62497
24 33 4 186914
24 33 5 187168
24 33 6 62866
24 33 7 62867
24 33 8 124605
24 33 9 62966
24 35 4 1000000
24 36 9 531103
24 36 10 124608
24 36 11 187914
24 36 12 125098
24 36 13 31277
24 37 1 500482
24 37 2 249719
24 39 9 124457
24 39 10 375108
24 39 11 375325
24 39 12 125110
24 40 3 1000000
24 41 13 1000000
24 42 1 1000000
24 43 11 1000000
24 44 4 1000000
24 45 2 1000000
