Indiv
5
9
12
13
25
26
53
57
58
67
70
72
78
79
80
81
100
113
114
116
117
118
119
121
122
128
133
135
150
160
161
166
202
206
213
217
225
228
229
230
231
232
233
234
235
237
238
240
241
243
244
245
256
257
258
259
260
262
263
268
269
272
273
274
276
277
287
290
293
296
298
302
303
305
308
312
315
329
330
344
345
346
347
348
349
352
353
354
355
357
362
364
365
367
371
375
376
388
389
395
397
398
400
402
403
405
407
410
413
414
416
419
421
422
427
428
429
430
431
432
433
434
435
436
437
438
441
446
449
451
452
457
459
469
474
476
486
487
489
490
495
508
509
510
511
512
542
550
587
588
589
715
733
758
778
779
786
787
788
789
790
795
798
807
808
809
816
859
879
880
897
993
994
996
997
998
999
1000
1001
1002
1005
1006
1007
1025
1031
1032
1034
1039
1044
1054
1060
1066
1082
1083
1090
1100
1122
1123
1125
1126
1127
1128
1130
1131
1134
1135
1137
1138
1139
1141
1142
1143
1144
1206
1228
1233
1236
1238
1242
1244
1247
1248
1253
1254
1255
1258
1260
1261
1265
1266
1267
1270
1271
1273
1285
1287
1292
1296
1298
1299
1302
1303
1304
1305
1306
1308
1309
1310
1311
1312
1313
1314
1315
1316
1319
1321
1324
1333
1334
1335
1336
1337
1339
1352
1353
1354
1359
1361
1374
1378
1379
1380
1382
1383
1384
1386
1394
1420
1422
1424
1428
1434
1436
1437
1438
1440
1441
1443
1449
1450
1453
1454
1461
1464
1468
1471
1472
1480
1482
1483
1484
1486
1491
1492
1494
1503
1504
1511
1512
1532
1543
1545
1577
1586
1605
1606
1607
1608
1611
1613
1614
1615
1628
1633
1634
1644
1654
1660
1662
1675
1676
1677
1689
1690
1691
1692
1693
1694
1695
1697
1700
1701
1703
1704
1705
1706
1707
1708
1709
1712
1713
1715
1716
1717
1718
1719
1729
1730
1754
1759
1767
1771
1780
1782
1786
1794
1802
1819
1848
1849
1850
1851
1862
1865
1871
1879
1880
1888
1892
1893
1895
1896
1898
1899
1900
1902
1903
1905
1908
1910
1911
1912
1913
1914
1915
1916
1917
1920
1921
1922
1923
1924
1925
1929
1930
1931
1932
1933
1941
1947
1963
1971
1977
1982
1991
1996
1998
1999
2003
2004
2007
2008
2011
2013
2014
2015
2016
2018
2022
2023
2027
2035
2036
2037
2047
2049
2055
2060
2062
2065
2066
2067
2068
2075
2076
2077
2079
2080
2081
2083
2085
2097
2098
2099
2101
2102
2106
2108
2110
2114
2120
2134
2135
2141
2149
2151
2155
2164
2172
2173
2175
2176
2177
2179
2180
2181
2185
2186
2187
2191
2192
2193
2194
2195
2207
2211
2212
2213
2217
2222
2223
2227
2228
2231
2236
2237
2240
2242
2243
2248
2266
2267
2272
2283
2289
2290
2292
2294
2299
2300
2301
2302
2303
2304
2307
2308
2311
2324
2331
2332
2334
2337
2348
2357
2362
2364
2371
2374
2381
2382
2384
2385
2389
2404
2424
2425
2427
2428
2429
2433
2437
2438
2439
2443
2445
2449
2450
2452
2453
2454
2455
2456
2457
2459
2460
2462
2463
2464
2467
2468
2477
2480
2482
2483
2486
2487
2488
2491
2492
2493
2499
2500
2501
2504
2506
2508
2510
2511
2522
2523
2526
2527
2528
2531
2536
2542
2548
2553
2555
2564
2565
2567
2570
2572
2577
2580
2581
2587
2588
2589
2590
2591
2592
2593
2594
2598
2605
2607
2608
2611
2612
2613
2615
2616
2617
2618
2619
2620
2623
2624
2625
2626
2627
2629
2630
2631
2632
2633
2634
2635
2636
2637
2639
2640
2650
2651
2652
2654
2664
2665
2671
2672
2675
2677
2680
2681
2687
2688
2689
2697
2699
2703
2704
2706
2708
2712
2727
2731
2732
2738
2741
2745
2746
2749
2753
2755
2762
2763
2770
2771
2776
2782
2788
2794
2802
2804
2843
2850
2855
2857
2859
2860
2874
2876
2878
2883
2884
2885
2892
2894
2895
2896
2897
2898
2899
2900
2901
2902
2903
2908
2914
2918
2922
2927
2929
2931
2940
2942
2950
2951
2953
2954
2969
2980
2981
2985
3007
3016
3021
3025
3026
3046
3048
3061
3063
3064
3065
3076
3082
3091
3097
3098
3100
3106
3108
3117
3121
3122
3126
3145
3149
3150
3156
3162
3164
3170
3171
3177
3181
3183
3188
3190
3191
3195
3205
3206
3219
3228
3229
3231
3232
3234
3235
3249
3260
3261
3262
3265
3267
3268
3273
3274
3276
3277
3279
3280
3281
3284
3288
3295
3303
3307
3308
3309
3310
3324
3332
3343
3367
3368
3372
3373
3374
3375
3376
3377
3378
3379
3380
3382
3383
3384
3386
3387
3390
3394
3395
3396
3400
3401
3412
3419
3422
3423
3424
3426
3427
3428
3432
3438
3439
3440
3448
3452
3486
3488
3493
3496
3497
3498
3499
3500
3502
3503
3505
3506
3515
3532
3533
3536
3543
3544
3545
3555
3560
3572
3587
3596
3601
3602
3604
3606
3609
3623
3630
3631
3636
3637
3643
3647
3668
3680
3681
3685
3686
3687
3696
3697
3698
3701
3702
3736
3737
3747
4029
4335
5268
5280
5891
6264
6750
6774
6797
6802
6805
6806
6817
6827
6828
6833
6860
6861
6862
6931
6812
6821
6866
6925
6930
6865
6848
6784
6928
6803
6808
6846
6851
6867
6783
6785
6864
6790
6801
6804
6809
6811
6852
6868
6909
6903
6895
6896
6877
6878
6923
6927
