39	286	s3451p54331	0	0.001	0.15	NA	NA	NA	NA
39	280	s439p125400	0.15	0	0	NA	NA	NA	NA
39	297	s1638p12851	0.695	0	0.017	NA	NA	NA	NA
39	70	s588p225464	24.154	0	0.026	NA	NA	NA	NA
39	80	s327p329399	24.818	0	0.041	NA	NA	NA	NA
39	91	s118p178336	25.831	0	0	NA	NA	NA	NA
39	104	s6197p467	27.362	0	0	NA	NA	NA	NA
39	108	s120p799604	28.077	0.001	0.064	NA	NA	NA	NA
39	113	s1537p112345	30.34	0.003	0.273	NA	NA	NA	NA
39	115	s567p299651	30.987	0.002	0.181	NA	NA	NA	NA
39	118	s1261p8533	31.168	0.001	0.065	NA	NA	NA	NA
39	120	s2773p61370	31.974	0.004	0.416	NA	NA	NA	NA
39	124	s531p185305	33.983	0	0	NA	NA	NA	NA
39	128	s56p675098	35.4	0	0	NA	NA	NA	NA
39	135	s1108p7564	36.302	0	0.041	NA	NA	NA	NA
39	142	s44p1185330	36.661	0.001	0.095	NA	NA	NA	NA
39	178	s6289p6002	39.469	0	0	NA	NA	NA	NA
39	187	s1023p150552	40.076	0.002	0.211	NA	NA	NA	NA
39	193	s1222p22456	41.215	0.003	0.268	NA	NA	NA	NA
39	190	s544p126570	41.529	0.007	0.703	NA	NA	NA	NA
39	195	s2109p122269	43.028	0	0	NA	NA	NA	NA
39	198	s755p200126	43.339	0.001	0.113	NA	NA	NA	NA
39	202	s3527p39657	43.549	0.001	0.101	NA	NA	NA	NA
39	197	s1634p112186	43.862	0.007	0.724	NA	NA	NA	NA
39	204	s5501p10678	45.118	0.014	1.404	NA	NA	NA	NA
39	207	s2058p3109	46.522	0	0	NA	NA	NA	NA
39	214	s109p17989	46.962	0	0	NA	NA	NA	NA
39	217	s734p149575	47.387	0.005	0.517	NA	NA	NA	NA
39	218	s917p31618	47.904	0	0	NA	NA	NA	NA
39	223	s288p331223	48.16	0	0	NA	NA	NA	NA
39	227	s2378p101493	48.473	0	0.045	NA	NA	NA	NA
39	229	s640p157837	48.873	0.008	0.76	NA	NA	NA	NA
39	246	s460p290829	49.632	0	0	NA	NA	NA	NA
39	248	s780p92681	50.046	0.001	0.146	NA	NA	NA	NA
39	250	s312p412364	50.376	0	0	NA	NA	NA	NA
39	254	s2041p25744	51.13	0	0	NA	NA	NA	NA
39	241	s2605p23583	51.698	0	0	NA	NA	NA	NA
39	238	s149p38222	51.951	0.001	0.131	NA	NA	NA	NA
39	235	s943p5154	52.436	0.001	0.097	NA	NA	NA	NA
39	231	s173p422651	53.109	0.002	0.241	NA	NA	NA	NA
39	19	s122p529291	54.313	0.002	0.168	NA	NA	NA	NA
39	12	s2588p85864	55.84	0.001	0.129	NA	NA	NA	NA
39	15	s483p29134	55.969	0.001	0.127	NA	NA	NA	NA
39	8	s2637p39200	56.806	0.001	0.076	NA	NA	NA	NA
39	3	s1606p67873	57.437	0	0	NA	NA	NA	NA
39	5	s494p134440	57.437	0.001	0.065	NA	NA	NA	NA
39	79	s413p163826	58.488	0	0.045	NA	NA	NA	NA
39	65	s1152p192990	58.893	0	0.05	NA	NA	NA	NA
39	64	s2729p24602	59.723	0	0	NA	NA	NA	NA
39	58	s4702p20860	60.668	0	0	NA	NA	NA	NA
39	50	s184p226003	61.256	0.001	0.061	NA	NA	NA	NA
39	45	s1955p113015	61.985	0	0.04	NA	NA	NA	NA
39	42	s2335p56203	64.46	0.002	0.221	NA	NA	NA	NA
39	0	s1046p171642	65.247	0.002	0.199	NA	NA	NA	NA
39	1	s1398p90307	65.446	0.002	0.239	NA	NA	NA	NA
39	39	s841p103982	65.685	0.008	0.802	NA	NA	NA	NA
39	35	s809p8625	66.487	0	0	NA	NA	NA	NA
39	30	s719p100242	66.972	0	0	NA	NA	NA	NA
39	26	s3434p54688	67.846	0	0	NA	NA	NA	NA
39	24	s116p632299	68.163	0	0	NA	NA	NA	NA
39	38	s491p376143	68.475	0	0	NA	NA	NA	NA
39	23	s1351p15391	68.812	0	0	NA	NA	NA	NA
39	257	s4309p49394	74.791	0	0	NA	NA	NA	NA
39	258	s1832p14437	79.016	0.019	1.948	NA	NA	NA	NA
39	260	s2914p83559	80.964	0.033	3.295	NA	NA	NA	NA
39	261	s4507p30116	84.259	0.023	2.288	NA	NA	NA	NA
39	262	s1750p94382	86.547	0.018	1.779	NA	NA	NA	NA
39	264	s3093p52511	88.326	0	0	NA	NA	NA	NA
39	265	s1453p38432	88.94	0.04	4.047	NA	NA	NA	NA
39	274	s1099p13748	93.115	0	0	NA	NA	NA	NA
39	266	s9137p118	93.31	NA	NA	NA	NA	NA	NA
