1 737
1 764
1 762
1 751
1 736
1 739
1 724
1 721
1 730
1 0
1 3
1 5
1 7
1 8
1 10
1 9
1 14
1 17
1 18
1 21
1 23
1 24
1 26
1 29
1 35
1 36
1 37
1 42
1 49
1 50
1 53
1 56
1 57
1 59
1 60
1 65
1 69
1 70
1 73
1 77
1 78
1 81
1 82
1 83
1 84
1 88
1 94
1 93
1 97
1 103
1 110
1 117
1 121
1 124
1 122
1 126
1 127
1 128
1 130
1 136
1 135
1 137
1 139
1 142
1 146
1 143
1 151
1 152
1 148
1 153
1 155
1 158
1 159
1 165
1 167
1 168
1 169
1 172
1 174
1 177
1 182
1 184
1 188
1 189
1 197
1 204
1 203
1 206
1 215
1 217
1 218
1 225
1 221
1 230
1 233
1 235
1 237
1 239
1 250
1 264
1 272
1 277
1 284
1 292
1 294
1 407
1 409
1 408
1 406
1 405
1 402
1 404
1 399
1 397
1 395
1 393
1 391
1 388
1 385
1 383
1 382
1 379
1 375
1 363
1 362
1 361
1 357
1 354
1 352
1 349
1 340
1 338
1 334
1 331
1 324
1 321
1 319
1 316
1 312
1 310
1 309
1 308
1 304
1 303
1 295
1 291
1 286
1 282
1 281
1 278
1 260
1 258
1 413
1 418
1 421
1 429
1 426
1 430
1 432
1 439
1 435
1 453
1 458
1 464
1 473
1 475
1 480
1 555
1 553
1 540
1 525
1 504
1 498
1 495
1 493
1 492
1 478
1 468
1 703
1 710
1 690
1 687
1 686
1 684
1 683
1 681
1 680
1 678
1 677
1 675
1 674
1 673
1 671
1 669
1 667
1 666
1 665
1 664
1 660
1 659
1 646
1 641
1 637
1 634
1 633
1 632
1 627
1 629
1 623
1 617
1 612
1 606
1 603
1 591
1 570
1 579
2 34
2 39
2 38
2 51
2 57
2 62
2 63
2 65
2 67
2 74
2 78
2 84
2 97
2 102
2 105
2 106
2 112
2 113
2 117
2 120
2 124
2 126
2 130
2 137
2 144
2 152
2 153
2 155
2 157
2 159
2 164
2 169
2 171
2 173
2 180
2 184
2 187
2 190
2 191
2 193
2 196
2 197
2 206
2 211
2 215
2 221
2 236
2 249
2 256
2 267
2 273
2 274
2 271
2 277
2 334
2 337
2 342
2 348
2 353
2 358
2 360
2 364
2 369
2 370
2 372
2 373
2 376
2 380
2 383
2 387
2 388
2 389
2 393
2 395
2 400
2 404
2 405
2 406
2 408
2 411
2 432
2 436
2 445
2 278
2 280
2 288
2 293
2 479
2 475
2 470
2 463
2 457
2 452
2 416
2 332
2 327
2 326
2 323
2 321
2 316
2 314
2 309
2 308
2 301
2 300
2 290
2 482
2 485
2 486
2 499
2 502
2 503
2 509
2 510
2 511
2 513
2 516
2 520
2 522
2 527
2 529
2 532
2 535
2 536
2 538
2 539
2 540
2 542
2 543
2 544
2 549
2 553
2 557
2 563
2 569
2 570
2 573
2 586
2 591
2 602
2 615
2 620
2 622
2 626
2 627
2 628
2 629
2 634
2 637
2 641
2 644
2 657
2 662
2 661
2 663
2 667
2 672
2 674
2 678
2 684
2 685
2 690
2 694
2 691
2 696
2 699
2 704
2 714
2 721
2 724
2 731
2 747
2 751
2 754
2 755
2 758
2 762
2 765
2 768
2 770
2 771
2 772
2 773
2 785
2 797
2 793
2 838
2 820
2 840
2 842
2 846
2 798
2 4
2 3
2 1
3 333
3 331
3 325
3 317
3 312
3 304
3 301
3 295
3 292
3 289
3 283
3 282
3 279
3 122
3 117
3 113
3 112
3 109
3 105
3 100
3 92
3 84
3 83
3 76
3 71
3 63
3 61
3 238
3 234
3 195
3 205
3 206
3 215
3 232
3 240
3 251
3 255
3 256
3 257
3 261
3 262
3 266
3 267
3 270
3 132
3 136
3 140
3 153
3 161
3 169
3 171
3 179
3 186
3 189
3 192
3 217
3 351
3 376
3 380
3 384
3 382
3 395
3 409
3 420
3 435
3 436
3 456
3 460
3 473
3 493
3 506
3 509
3 515
3 516
3 517
3 518
3 520
3 522
3 525
3 526
3 529
3 531
3 533
3 535
3 541
3 540
3 543
3 544
3 548
3 546
3 558
3 559
3 562
3 563
3 564
3 569
3 570
3 571
3 572
3 573
3 576
3 578
3 582
3 587
3 591
3 595
3 598
3 602
3 606
3 612
3 613
3 614
3 618
3 621
3 627
3 639
3 646
3 649
3 647
3 652
3 661
3 663
3 667
3 672
3 673
3 674
3 677
3 678
3 682
3 687
3 689
3 692
3 694
3 696
3 697
3 699
3 706
3 711
3 713
3 715
3 719
3 723
3 725
3 726
3 727
3 729
3 732
3 735
3 736
3 739
3 754
3 756
3 762
3 767
3 774
3 781
3 783
3 9
3 0
3 10
3 8
3 1
3 24
3 29
3 44
3 50
3 58
3 62
3 66
4 28
4 60
4 82
4 101
4 112
4 114
4 115
4 116
4 127
4 124
4 133
4 134
4 135
4 137
4 138
4 140
4 142
4 0
4 146
4 8
4 145
4 150
4 148
4 155
4 158
4 161
4 166
4 168
4 173
4 174
4 177
4 180
4 182
4 184
4 185
4 186
4 194
4 196
4 197
4 200
4 202
4 204
4 205
4 208
4 211
4 221
4 226
4 236
4 238
4 241
4 242
4 246
4 247
4 248
4 251
4 252
4 253
4 254
4 255
4 256
4 258
4 260
4 261
4 269
4 273
4 274
4 278
4 279
4 280
4 284
4 287
4 289
4 290
4 298
4 299
4 300
4 303
4 305
4 309
4 310
4 311
4 315
4 319
4 327
4 328
4 333
4 336
4 338
4 340
4 343
4 345
4 347
4 349
4 357
4 358
4 361
4 362
4 364
4 366
4 367
4 368
4 370
4 373
4 374
4 381
4 383
4 385
4 401
4 404
4 407
4 409
4 412
4 416
4 418
4 419
4 420
4 90
4 83
4 76
4 56
4 54
4 78
4 49
4 47
4 46
4 38
4 32
4 37
4 25
4 16
5 59
5 58
5 53
5 48
5 46
5 40
5 26
5 23
5 19
5 18
5 17
5 16
5 12
5 6
5 9
5 14
5 41
5 56
5 63
5 72
5 82
5 84
5 91
5 92
5 93
5 94
5 95
5 98
5 101
5 104
5 111
5 114
5 117
5 121
5 134
5 143
5 147
5 156
5 157
5 161
5 165
5 169
5 171
5 172
5 178
5 181
5 188
5 189
5 207
5 213
5 219
5 223
5 222
5 225
5 226
5 228
5 240
5 244
5 247
5 249
5 250
5 251
5 253
5 254
5 255
5 261
5 262
5 265
5 268
5 271
5 280
5 298
5 307
5 312
5 314
5 322
5 325
5 346
5 368
5 411
5 430
5 439
5 453
5 457
5 460
5 464
5 466
5 469
5 473
5 474
5 475
5 478
5 480
5 482
5 483
5 486
5 493
5 495
5 498
5 502
5 504
5 511
5 514
5 517
5 520
5 526
5 527
5 529
5 532
5 533
5 536
5 564
5 546
5 545
5 548
5 550
5 554
5 557
5 561
5 563
5 573
5 566
5 579
5 589
5 591
6 72
6 60
6 0
6 2
6 10
6 27
6 54
6 70
6 74
6 77
6 80
6 86
6 89
6 90
6 92
6 93
6 98
6 102
6 103
6 104
6 106
6 110
6 113
6 120
6 124
6 126
6 136
6 139
6 140
6 141
6 142
6 143
6 173
6 212
6 220
6 232
6 235
6 240
6 244
6 248
6 252
6 259
6 261
6 263
6 264
6 267
6 268
6 269
6 272
6 281
6 285
6 300
6 311
6 324
6 328
6 330
6 334
6 335
6 338
6 340
6 343
6 345
6 346
6 360
6 363
6 371
6 381
7 22
7 32
7 40
7 47
7 49
7 56
7 59
7 63
7 74
7 75
7 81
7 86
7 90
7 33
7 27
7 21
7 10
7 0
7 106
7 289
7 288
7 281
7 280
7 274
7 268
7 266
7 264
7 262
7 259
7 252
7 256
7 250
7 244
7 238
7 237
7 235
7 232
7 231
7 229
7 228
7 227
7 224
7 222
7 206
7 195
7 179
7 174
7 157
7 154
7 147
7 145
7 144
7 143
7 141
7 139
7 136
7 133
7 127
7 126
7 124
7 117
7 114
7 111
7 108
7 102
7 98
7 94
7 84
7 79
7 70
7 290
7 294
7 297
7 298
7 300
7 302
7 305
7 306
7 307
7 309
7 310
7 313
7 318
7 320
7 322
7 325
7 327
7 329
7 330
7 332
7 339
7 344
7 347
7 349
7 356
7 358
7 359
7 361
7 364
7 371
7 379
7 384
7 388
7 394
7 398
7 405
7 385
8 11
8 43
8 54
8 64
8 69
8 19
8 30
8 60
8 67
8 68
8 76
8 80
8 75
8 78
8 110
8 116
8 127
8 130
8 136
8 133
8 138
8 142
8 145
8 156
8 147
8 150
8 151
8 162
8 170
8 171
8 172
8 173
8 174
8 175
8 183
8 203
8 219
8 227
8 228
8 230
8 248
8 252
8 253
8 256
8 258
8 262
8 267
8 271
8 272
8 275
8 276
8 277
8 280
8 284
8 285
8 286
8 288
8 290
8 292
8 305
8 309
8 318
8 323
8 336
8 340
8 343
8 345
8 347
8 349
8 352
8 356
8 359
8 361
8 365
8 371
8 379
8 387
8 389
8 394
8 395
8 396
8 397
8 399
8 401
8 442
9 94
9 124
9 130
9 128
9 127
9 118
9 113
9 110
9 106
9 102
9 100
9 96
9 88
9 92
9 84
9 72
9 68
9 67
9 62
9 60
9 59
9 18
9 20
9 22
9 27
9 25
9 51
9 15
9 14
9 9
9 8
9 5
9 6
9 0
9 53
9 82
9 91
9 109
9 129
9 132
9 136
9 141
9 145
9 151
9 164
9 165
9 166
9 176
9 190
9 191
9 200
9 205
9 215
9 238
9 265
9 266
9 268
9 271
9 273
9 274
9 276
9 279
9 286
9 288
9 290
9 291
9 294
9 311
9 310
9 312
9 317
9 326
9 330
9 332
9 333
9 337
9 340
9 342
9 346
9 348
9 351
9 355
9 360
9 366
9 370
9 374
9 382
9 384
9 386
9 389
10 111
10 183
10 198
10 199
10 203
10 206
10 210
10 212
10 214
10 221
10 222
10 223
10 228
10 240
10 245
10 246
10 251
10 253
10 260
10 269
10 271
10 282
10 288
10 290
10 301
10 302
10 312
10 314
10 315
10 316
10 317
10 23
10 32
10 37
10 43
10 45
10 47
10 48
10 71
10 106
10 108
11 275
11 279
11 300
11 301
11 269
11 268
11 267
11 264
11 261
11 258
11 255
11 244
11 240
11 239
11 237
11 235
11 231
11 230
11 229
11 228
11 225
11 224
11 222
11 219
11 216
11 215
11 204
11 191
11 176
11 173
11 165
11 160
11 150
11 149
11 143
11 133
11 132
11 127
11 122
11 119
11 115
11 107
11 105
11 103
11 102
11 100
11 99
11 98
11 94
11 81
11 83
11 77
11 75
11 64
11 62
11 57
11 49
11 42
11 37
11 35
11 26
11 19
11 17
11 0
12 21
12 1
12 7
12 14
12 13
12 19
12 31
12 33
12 39
12 68
12 79
12 115
12 109
12 95
12 86
12 83
12 82
12 75
12 63
12 58
12 52
12 45
12 30
12 24
12 23
12 16
12 116
12 128
12 138
12 143
12 144
12 156
12 171
12 175
12 193
12 201
12 206
12 211
12 213
12 224
12 230
12 234
12 236
12 239
12 243
12 244
12 247
12 249
12 255
12 258
12 262
12 264
12 269
12 273
12 274
12 275
12 276
12 278
12 284
12 287
12 293
12 295
12 298
12 302
12 312
12 315
12 356
13 94
13 108
13 126
13 132
13 134
13 141
13 144
13 148
13 146
13 156
13 168
13 179
13 180
13 187
13 188
13 189
13 193
13 199
13 207
13 208
13 224
13 240
13 247
13 253
13 255
13 260
13 265
13 282
13 278
13 291
13 308
13 342
13 348
13 349
13 353
13 358
13 361
13 367
13 376
13 383
13 386
13 396
13 403
13 406
13 409
13 413
13 416
13 417
13 419
13 440
13 446
13 448
13 451
13 88
13 85
13 0
13 21
13 33
13 59
13 15
13 71
13 110
14 1
14 43
14 84
14 104
14 148
14 189
14 367
14 433
14 436
14 447
14 456
14 457
14 462
14 480
14 481
14 485
14 487
14 488
14 490
14 493
14 495
14 497
14 500
14 502
14 503
14 505
14 510
14 512
14 513
15 2
15 9
15 6
15 11
15 16
15 19
15 27
15 37
15 39
15 43
15 100
15 106
15 109
15 111
15 127
15 133
15 134
15 144
15 148
15 151
15 152
15 154
15 160
15 167
15 170
15 176
15 182
15 190
15 257
15 253
15 248
15 342
15 348
15 339
15 323
15 310
15 308
15 282
15 279
15 277
15 273
15 271
15 264
15 193
15 212
15 217
15 224
17 5
17 27
17 33
17 53
17 57
17 73
17 69
17 72
17 83
17 87
17 91
17 110
17 118
17 124
17 130
17 125
17 133
17 134
17 142
17 148
17 151
17 152
17 157
17 160
17 166
17 174
17 181
17 185
17 187
17 194
17 201
17 206
17 207
17 208
17 228
17 235
17 237
17 260
17 271
17 279
17 281
17 291
17 296
17 298
17 314
17 316
17 321
17 326
17 332
17 339
17 340
17 343
17 348
17 353
17 372
17 376
17 387
17 389
17 405
18 8
18 33
18 47
18 53
18 62
18 65
18 70
18 74
18 75
18 85
18 88
18 92
18 94
18 96
18 97
18 100
18 102
18 106
18 113
18 120
18 125
18 375
18 368
18 366
18 364
18 363
18 361
18 353
18 348
18 339
18 337
18 333
18 318
18 307
18 306
18 300
18 290
18 273
18 269
18 260
18 256
18 254
18 253
18 249
18 247
18 243
18 242
18 239
18 238
18 237
18 234
18 228
18 222
18 221
18 209
18 207
18 201
18 205
18 199
18 194
18 196
18 183
18 181
18 179
18 176
18 172
18 169
18 165
18 151
18 152
18 158
18 145
18 129
19 3
19 18
19 38
19 49
19 57
19 64
19 63
19 72
19 76
19 100
19 109
19 110
19 112
19 116
19 128
19 133
19 122
19 119
19 136
19 138
19 139
19 141
19 144
19 146
19 154
19 157
19 163
19 175
19 182
19 183
19 187
19 188
19 185
19 195
19 197
19 203
19 205
19 212
19 216
19 219
19 221
19 225
19 236
19 237
19 240
19 245
19 252
19 259
19 271
19 275
19 282
19 286
19 292
19 295
19 300
19 319
19 324
19 343
20 3
20 22
20 39
20 69
20 60
20 63
20 66
20 70
20 73
20 76
20 83
20 86
20 89
20 95
20 97
20 103
20 104
20 107
20 109
20 113
20 114
20 118
20 121
20 122
20 126
20 131
20 134
20 141
20 144
20 164
20 168
20 174
20 176
20 188
20 193
20 194
20 197
20 222
20 226
20 228
20 234
20 239
20 251
20 268
20 271
20 288
20 290
20 293
20 294
20 296
20 306
20 311
20 320
20 321
20 323
20 329
20 342
20 348
20 352
20 357
20 358
20 360
20 369
20 373
20 375
21 59
21 43
21 36
21 24
21 18
21 15
21 0
21 2
21 7
21 19
21 3
21 12
21 37
21 86
21 89
21 91
21 106
21 111
21 117
21 121
21 124
21 128
21 137
21 142
21 158
21 160
21 165
21 217
21 212
21 211
21 205
21 204
21 201
21 200
21 195
21 185
21 191
22 20
22 36
22 45
22 42
22 55
22 65
22 0
22 81
22 58
22 59
22 62
22 71
22 11
22 7
22 9
22 19
22 24
22 26
22 35
22 39
22 41
22 57
22 68
22 72
22 80
22 84
22 86
22 88
22 89
22 91
22 93
22 95
22 96
22 97
22 98
22 101
22 102
22 106
22 109
22 111
22 112
22 114
22 120
22 128
22 131
22 140
22 144
22 149
22 160
22 177
23 21
23 25
23 35
23 48
23 59
23 58
23 56
23 52
23 45
23 33
23 22
23 19
23 10
23 2
23 110
23 112
23 115
23 139
23 158
23 166
23 192
23 230
23 235
23 246
23 248
23 250
23 255
23 261
23 266
23 268
23 272
23 277
23 279
23 282
23 288
23 285
23 299
23 303
23 304
23 229
23 226
23 221
23 220
23 218
23 217
23 216
23 214
23 212
23 210
23 207
23 195
23 185
23 177
23 157
23 130
23 119
23 109
23 104
23 102
23 101
23 96
23 90
23 82
23 66
24 25
24 32
24 63
24 71
24 73
24 76
24 83
24 84
24 90
24 105
24 113
24 114
24 118
24 126
24 127
24 135
24 139
24 143
24 151
24 155
24 159
24 166
24 168
24 174
24 186
24 189
24 193
24 198
24 206
24 211
24 213
24 216
24 217
24 221
24 223
24 225
24 226
24 228
24 231
24 235
24 238
24 239
24 245
24 254
24 267
24 251
24 276
24 280
24 282
24 285
24 101
25 18
25 19
25 22
25 83
25 81
25 105
25 104
25 103
25 2
25 1
25 62
25 27
25 58
26 341
26 327
26 8
26 61
26 96
26 110
26 160
26 184
26 196
26 200
26 201
26 202
26 203
26 204
26 210
26 212
26 215
26 220
26 224
26 232
26 235
26 236
26 240
26 242
26 248
26 252
26 277
27 18
27 3
27 1
27 30
27 43
27 46
27 62
27 65
27 71
27 74
27 75
27 247
27 226
27 222
27 213
27 209
27 103
27 116
27 132
27 172
27 36
27 231
27 194
27 188
27 181
28 0
28 5
28 10
28 12
28 16
28 25
28 27
28 28
28 34
28 36
28 39
28 41
28 46
28 54
28 64
28 63
28 69
28 70
28 72
28 77
28 86
28 93
28 94
28 96
28 98
28 103
28 106
28 113
28 115
28 141
28 160
28 163
28 171
28 179
28 183
28 185
28 193
28 196
28 197
28 200
28 203
28 205
28 207
28 210
28 213
28 215
28 221
28 225
28 181
28 167
28 156
28 159
28 119
29 12
29 17
29 23
29 39
29 43
29 0
29 2
29 36
29 6
29 18
29 24
29 26
29 41
29 50
29 61
29 62
29 63
29 66
29 67
29 71
29 73
29 74
29 78
29 98
29 113
29 115
29 118
29 122
29 123
29 125
29 126
29 127
29 131
29 133
29 134
29 136
29 141
29 145
29 147
29 148
29 156
29 153
29 157
29 158
29 163
29 166
29 168
29 169
29 171
29 172
29 173
29 177
29 179
29 183
29 185
29 186
29 188
29 189
29 193
29 196
29 197
29 198
29 200
29 203
29 204
29 208
29 210
29 218
29 219
29 222
29 220
29 224
29 231
29 230
29 228
29 235
29 244
29 252
29 253
29 263
29 266
29 273
29 275
29 281
29 286
29 291
29 293
29 294
29 296
29 300
29 303
29 309
29 312
29 332
29 345
29 346
29 359
29 373
29 377
29 380
29 385
29 393
29 398
29 401
29 404
29 406
29 407
29 410
29 414
29 418
29 421
29 422
29 423
29 424
29 427
29 433
29 434
29 437
29 440
29 443
29 448
29 450
29 454
29 455
29 458
29 460
29 463
29 467
29 522
29 530
29 536
29 474
29 477
29 478
29 479
29 480
29 481
29 482
29 483
29 486
29 488
29 495
29 503
29 510
29 511
29 521
31 3
31 14
31 16
31 22
31 25
31 27
31 29
31 31
31 32
31 33
31 41
31 46
31 52
31 57
31 64
31 71
31 81
31 95
31 97
31 108
31 118
31 127
31 140
31 144
31 148
31 149
31 150
31 155
31 157
31 161
31 169
31 170
31 173
31 175
31 179
31 180
31 181
31 182
31 184
31 194
31 198
31 202
31 204
31 207
31 212
31 219
31 221
31 223
31 226
31 231
31 232
31 233
31 240
31 243
31 246
31 253
31 259
31 262
31 268
31 272
31 280
31 320
31 325
31 329
31 350
32 35
32 36
32 47
32 40
32 52
32 56
32 63
32 65
32 20
32 14
32 27
32 33
32 37
32 45
32 54
32 13
32 16
32 18
32 21
32 28
32 32
32 8
32 12
39 297
39 280
39 286
39 70
39 80
39 91
39 104
39 108
39 113
39 115
39 118
39 120
39 124
39 128
39 135
39 142
39 178
39 187
39 190
39 193
39 195
39 197
39 198
39 202
39 204
39 207
39 214
39 217
39 218
39 223
39 227
39 229
39 246
39 248
39 250
39 254
39 241
39 238
39 235
39 231
39 19
39 15
39 12
39 8
39 5
39 3
39 79
39 65
39 64
39 58
39 50
39 45
39 42
39 0
39 1
39 39
39 35
39 30
39 26
39 24
39 38
39 23
39 257
39 258
39 260
39 261
39 262
39 264
39 265
39 266
39 274
