1027
1018
1016
1006
1001
1029
1044
1046
1047
1048
1058
1064
1065
1066
1068
1071
1078
1079
1080
1081
1086
1088
1089
1093
1094
1096
1097
1100
1101
1102
1103
1105
1107
1110
1111
1112
1113
1115
1118
1119
1122
1123
1148
1151
903
905
928
930
931
933
934
937
939
940
941
946
948
951
953
954
956
958
961
967
968
970
971
973
976
977
978
979
981
984
986
987
991
995
996
997
998
999
922
916
915
911
910
908
897
896
895
891
889
887
885
884
876
875
874
869
868
864
863
861
857
853
852
850
848
847
845
675
678
681
690
691
694
695
717
719
720
722
729
737
742
743
744
746
750
752
755
758
760
765
766
768
772
776
778
779
780
783
786
787
794
795
799
800
809
810
812
813
819
825
828
831
832
833
837
839
841
843
732
728
724
718
713
711
709
706
697
684
673
671
670
668
667
666
665
663
660
658
653
651
648
646
644
641
639
638
633
631
630
629
625
623
621
618
615
612
610
607
605
602
600
596
592
586
585
583
579
576
572
570
569
568
566
565
562
561
558
552
550
549
548
539
533
532
530
527
526
525
523
521
520
516
514
513
512
508
507
504
503
502
501
500
498
497
495
494
493
492
489
488
486
484
483
482
481
475
473
470
469
468
467
466
465
463
458
457
456
455
453
451
450
439
438
434
11457
11447
11455
11452
11461
11465
11468
11475
11477
11481
11489
11425
11419
11416
11413
11405
11404
11402
11401
11398
11394
11393
11392
11391
11388
11387
11386
11385
11382
11380
11342
11361
11442
11435
11432
11428
11427
11424
11374
11372
11368
11367
11366
11362
11360
11358
11355
11354
11353
11349
11348
11347
11345
11344
11341
11338
11337
11334
11333
11331
11330
11329
11326
11324
11323
11322
11314
11306
11305
11304
11303
11302
11301
11298
11296
11295
11291
11290
11289
11285
11283
11274
11272
11265
11264
11262
11250
11247
11241
11232
11231
11228
11224
11215
11214
11212
11211
11209
11206
11202
11201
11199
11197
11196
11193
11191
11188
11187
11186
11185
11183
11181
11178
11175
11171
11170
11167
11165
11163
11162
11161
11154
11145
11143
11141
11139
11138
11137
11134
11133
11129
11127
11122
11120
11119
11111
11109
11107
11104
11101
11098
11097
11096
11095
11094
11092
11093
11090
11089
11088
11087
11084
11080
11078
11077
11076
11075
11074
11073
11072
11069
11068
11067
11060
11059
11057
11055
11050
11048
11047
11045
11044
11043
11040
11037
11036
11035
11034
11033
11031
11030
11028
11027
11025
11023
11020
11019
11016
11014
11010
11008
11006
11001
10995
10990
10985
10983
10975
10974
10971
10970
10966
10961
10951
10948
10927
10925
10910
10935
74
60
10940
10921
10911
10907
16
81
121
59
41
42
1960
1955
1941
1938
1933
1931
1929
1928
1927
1925
1922
1921
1918
1903
1900
1896
1892
1886
1885
1880
1878
1872
1869
1855
1850
1844
1843
1835
1833
1822
1814
1812
1809
1805
1798
1794
1793
1791
1782
1777
1775
1774
1773
1772
1769
1766
1762
1758
1757
1754
1752
1750
1749
1748
1747
1746
1744
1743
1742
1741
1740
1738
1736
1734
1733
1731
1730
1729
1728
1727
1726
1724
1723
1722
1719
1717
1716
1715
1714
1713
1711
1709
1702
1698
1696
1690
1688
1681
1679
1677
1673
1671
1670
1667
1666
1664
1661
1656
1654
1653
1650
1649
1648
1647
1646
1645
1642
1641
1638
1636
1634
1633
1631
1626
1624
1618
1617
1616
1613
1612
1423
1427
1431
1432
1435
1440
1445
1449
1452
1453
1454
1458
1459
1462
1463
1548
1551
1556
1557
1560
1562
1564
1571
1574
1579
1584
1586
1588
1589
1591
1592
1593
1594
1595
1597
1598
1600
1601
1602
1603
1606
1607
1608
1609
1610
1437
1436
1434
1433
1429
1428
1425
1422
1419
1418
1417
1415
1412
1409
1577
1576
1570
1568
1566
1554
1550
1543
1542
1539
1537
1536
1531
1529
1527
1526
1524
1523
1519
1514
1511
1508
1507
1506
1503
1501
1498
1494
1491
1482
1480
1477
1475
1473
1471
1408
1401
1399
1397
1395
1389
1388
1387
1386
1381
1380
1376
1373
1369
1365
1361
1357
1356
1353
1352
1348
1346
1345
1342
1340
1339
1337
1335
1334
1333
1328
1326
1324
1323
1322
1320
1319
1318
1317
1316
1314
1311
1307
1304
1303
1301
1300
1298
1294
1293
1287
1286
1285
1283
1282
1281
1279
1278
1275
1274
1273
1272
1269
1268
1266
1264
1263
1262
1259
1256
1255
1254
1252
1251
1249
1247
1243
1242
1240
1236
1233
1230
1229
1228
1222
1215
1209
1208
1205
1200
1199
1196
1194
1192
1186
1181
1175
1173
1170
1169
1164
1160
1155
1154
2299
2284
2283
2281
2276
2275
2271
2264
2259
2251
2245
2244
2243
2242
2094
2084
2083
2080
2077
2069
2067
2062
2061
2056
2048
2045
2042
2037
2033
2027
2016
1998
2203
2208
2217
2159
2171
2174
2180
2181
2196
2197
2201
2202
2205
2206
2221
2225
2226
2227
2228
2235
2237
2098
2101
2102
2105
2112
2115
2118
2120
2121
2125
2126
2127
2129
2131
2132
2133
2134
2135
2137
2138
2139
2140
2141
2142
2144
2145
2148
2150
2151
2152
2154
2155
2156
2161
2166
2169
2182
2277
2298
2321
2324
2335
2337
2346
2347
2350
2355
2356
2361
2367
2370
2372
2374
2377
2382
2386
2389
2392
2395
2401
2402
2410
2414
2417
2418
2419
2426
2432
2433
2434
2439
2441
2442
2450
2452
2454
2456
2458
2459
2460
2462
2466
2467
2470
2471
2474
2479
2481
2486
2490
2491
2492
2493
2494
2497
2500
2502
2503
2505
2506
2507
2509
2511
2514
2518
2520
2521
2522
2523
2526
2528
2529
2532
2533
2535
2536
2537
2538
2550
2554
2555
2559
2561
2562
2568
2570
2575
2585
2592
2611
2612
2615
2618
2626
2627
2628
2632
2636
2639
2640
2641
2643
2644
2646
2647
2654
2657
2659
2662
2666
2673
2676
2680
2684
2686
2688
2690
2691
2693
2696
2699
2701
2702
2704
2705
2708
2711
2714
2720
2722
2723
2725
2732
2734
2735
2736
2737
2739
2741
2744
2748
2750
2752
2753
52
61
57
47
39
17
1991
37
2002
2004
2009
2010
2020
2021
2026
2032
2006
2760
2771
2776
2778
2782
2792
2793
2803
2805
2807
2812
2818
2832
2834
2839
2842
2845
2846
2847
2848
3177
3174
3169
3167
3166
3165
3164
3162
3161
3158
3154
3153
3150
3149
3145
3143
3142
3140
3139
3136
3134
3132
3131
3130
3129
3127
3126
3125
3119
3116
3109
3107
3102
3100
3097
3096
3094
3092
3091
3090
3088
3085
3082
3081
3079
3078
3076
3075
3072
3070
3069
3067
3065
3064
3062
3061
3060
3057
3055
3049
3041
3040
3037
3032
3031
3030
3026
3022
3019
3018
3016
3013
3011
3009
3007
3005
3003
2998
2997
2994
2990
2989
2986
2982
2981
2976
2969
2967
2965
2963
2961
2960
2959
2958
2957
2956
2954
2952
2950
2948
2947
2945
2944
2942
2941
2940
2937
2930
2927
2926
2924
2923
2921
2920
2918
2917
2916
2914
2912
2908
2906
2902
2849
2763
2755
2897
2894
2892
2891
2890
2888
2886
2882
2880
2883
2879
2878
2875
2874
2873
2867
2864
2859
2856
2850
2838
2789
2800
2809
11500
11501
11502
11503
11506
11508
11512
11516
11517
11518
11520
11521
11523
11526
11528
11531
11532
11539
11540
11541
11543
11548
11554
11557
11560
11566
11568
11573
11577
11581
11586
11597
11607
11608
11613
11616
11627
11632
11634
11642
11645
11647
11657
11659
11661
11663
11666
11667
11668
11669
11670
11672
11675
11676
11679
11680
11681
11686
11694
11696
11697
11699
11700
11702
11704
11705
11706
11708
11712
11714
11715
11716
11717
11720
11721
11722
11723
11724
11725
11728
11729
11730
11731
11732
11734
11735
11736
11738
11741
11742
11745
11748
11751
11753
11756
11759
11761
11769
11770
11771
11772
11773
11774
11798
11800
11809
11811
11826
11827
11837
11839
3778
3770
3768
3759
3753
3747
3742
3740
3739
3735
3734
3730
3726
3724
3719
3715
3713
3711
3710
3709
3707
3706
3704
3702
3701
3698
3694
3691
3690
3688
3686
3685
3684
3682
3681
3680
3679
3678
3677
3675
3674
3673
3668
3664
3662
3659
3656
3655
3653
3646
3645
3643
3642
3640
3638
3637
3636
3634
3630
3629
3626
3624
3620
3616
3611
3610
3609
3607
3602
3600
3599
3596
3592
3591
3590
3589
3585
3584
3583
3582
3581
3577
3569
3568
3566
3562
3561
3559
3558
3552
3551
3549
3548
3546
3543
3536
3524
3522
3521
3520
3514
3513
3509
3505
3504
3500
3495
3490
3486
3478
3473
3468
3465
3464
3462
3455
3447
3446
3445
3443
3441
3439
3438
3437
3436
3433
3432
3431
3430
3424
3422
3412
3406
3404
3403
3401
3397
3391
3389
3385
3383
3381
3373
3364
3363
3359
3357
3356
3355
3352
3351
3350
3349
3345
3342
3340
3339
3323
3322
3321
3319
3316
3312
3311
3308
3300
3295
3294
3292
3289
3286
3285
3284
3283
3279
3278
3277
3274
3272
3271
3270
3269
3267
3264
3263
3262
3257
3253
3249
3246
3240
3234
3227
3220
3212
3192
3185
3183
3181
3178
3188
3190
3194
3195
3197
3198
3201
3204
3215
3216
3217
3218
3224
3231
3232
3236
3237
4167
4166
4154
4153
4150
4148
4145
4144
4142
4139
4138
4135
4131
4130
4129
4124
4122
4121
4120
4118
4117
4111
4109
4106
4105
4103
4102
4100
4099
4095
4094
4087
4083
4079
4075
4073
4072
4071
4069
4067
4064
4061
4059
4057
4056
4055
4054
4053
4050
4049
4048
4047
4045
4044
4043
4042
4041
4039
4031
4028
4027
4026
4024
4023
4022
4020
4019
4016
4015
4014
4013
4004
4003
3999
3997
3995
3993
3983
3979
3974
3968
3962
3958
3953
3941
3940
3935
3928
3927
3926
3925
3924
3922
3914
3907
3897
3896
3895
3888
3886
3885
3883
3880
3875
3874
3871
3869
3867
3863
3862
3861
3860
3859
3857
3856
3855
3852
3835
3818
3807
3798
3787
3786
3782
3806
3805
3801
3794
3792
3808
3811
3814
3815
3821
3822
3827
3828
3829
3830
3838
3840
3842
3843
3844
3845
3847
3850
3854
4577
4575
4571
4568
4567
4566
4563
4560
4558
4555
4552
4547
4542
4541
4536
4531
4529
4524
4522
4521
4519
4517
4516
4514
4509
4507
4504
4503
4500
4499
4497
4492
4491
4488
4487
4485
4484
4483
4481
4480
4479
4478
4477
4476
4475
4474
4469
4467
4466
4465
4464
4460
4235
4240
4254
4257
4264
4269
4272
4273
4274
4278
4281
4284
4289
4290
4294
4295
4296
4297
4299
4301
4303
4305
4306
4309
4312
4321
4326
4327
4328
4331
4344
4361
4378
4381
4390
4391
4393
4395
4396
4398
4399
4400
4402
4403
4406
4407
4409
4416
4427
4428
4429
4433
4436
4438
4441
4444
4448
4451
4453
4455
4456
4458
4459
4276
4275
4265
4263
4262
4236
4223
4206
4169
4174
4177
4179
4181
4185
4190
4196
4202
4260
4256
4255
4251
4247
4245
4244
4231
4230
4227
4226
4216
4213
4210
4208
4197
4192
4182
5025
5019
5007
5006
5001
4984
4981
4980
4978
4977
4976
4975
4971
4968
4965
4952
4951
4949
4948
4945
4942
4941
4939
4938
4937
4936
4934
4933
4931
4930
4929
4928
4925
4924
4921
4920
4918
4916
4912
4911
4910
4909
4906
4904
4903
4900
4898
4897
4894
4892
4889
4885
4882
4881
4879
4875
4869
4867
4865
4864
4862
4860
4856
4855
4854
4853
4852
4851
4850
4849
4847
4846
4843
4841
4839
4837
4836
4830
4827
4826
4819
4817
4812
4810
4808
4806
4803
4801
4800
4791
4790
4787
4784
4782
4773
4768
4766
4763
4758
4754
4753
4752
4751
4750
4744
4743
4741
4740
4732
4731
4727
4726
4724
4719
4716
4714
4712
4706
4704
4698
4693
4688
4682
4675
4663
4657
4656
4665
4655
4638
4609
4599
4648
4645
4642
4633
4622
4590
4592
4591
5418
5410
5404
5399
5398
5397
5390
5387
5383
5381
5379
5378
5375
5373
5372
5371
5370
5369
5368
5367
5365
5363
5362
5360
5358
5357
5356
5355
5354
5353
5352
5351
5345
5344
5343
5341
5340
5339
5336
5334
5332
5328
5327
5326
5324
5321
5320
5317
5316
5315
5314
5312
5310
5306
5305
5304
5301
5298
5296
5285
5269
5267
5265
5263
5251
5244
5234
5230
5228
5221
5214
5204
5203
5201
5199
5196
5192
5183
5178
5174
5165
5162
5148
5133
5107
5094
5080
5073
5028
5031
5032
5036
5039
5041
5042
5070
5069
5068
5067
5066
5061
5060
5059
5054
5052
5051
5047
5045
5077
5078
5087
5095
5096
5099
5108
5111
5124
5125
5128
5130
5134
5135
5138
5141
5143
5145
5150
5152
5154
5155
5158
5534
5536
5538
5539
5542
5543
5547
5548
5549
5550
5552
5553
5554
5558
5560
5563
5564
5565
5566
5567
5568
5570
5572
5573
5575
5578
5579
5583
5585
5587
5591
5592
5599
5601
5602
5603
5604
5607
5608
5609
5610
5611
5612
5614
5615
5616
5617
5618
5622
5623
5624
5626
5627
5630
5632
5634
5635
5637
5638
5640
5645
5646
5648
5650
5651
5654
5656
5666
5668
5673
5676
5686
5687
5697
5698
5700
5706
5707
5712
5723
5726
5727
5728
5734
5735
5738
5741
5423
5437
5441
5444
5456
5457
5458
5460
5471
5472
5476
5480
5487
5490
5511
5528
5530
5531
5751
5755
5758
5760
5762
5769
5775
5777
5779
5781
5784
5785
5789
5796
5798
5800
5803
5806
5815
5817
5819
5820
5822
5826
5827
5829
5830
5836
5837
5838
5839
5841
5843
5844
5845
5846
5848
5850
5852
5854
5856
5861
5863
5864
5867
5871
5874
5875
5876
5880
5881
5884
5885
5886
5887
5894
5896
5899
5900
5902
5904
5905
5915
5920
5933
5941
5946
5947
5954
5957
5963
5965
5966
5967
5968
5969
5970
5973
5975
5979
5981
5982
5983
5984
5990
5993
5994
5996
5997
5999
6002
6004
6006
6007
6008
6009
6012
6013
6045
6043
6042
6040
6039
6037
6036
6035
6032
6029
6028
6026
6022
6019
6017
6016
6015
6405
6394
6392
6390
6389
6386
6378
6377
6371
6369
6365
6363
6361
6360
6358
6352
6350
6349
6347
6346
6345
6344
6340
6339
6336
6333
6327
6325
6324
6323
6322
6315
6313
6308
6303
6302
6300
6298
6296
6293
6291
6290
6288
6284
6280
6279
6277
6275
6269
6267
6265
6263
6262
6258
6255
6250
6247
6244
6236
6231
6225
6224
6212
6208
6195
6193
6191
6187
6179
6177
6166
6164
6063
6064
6071
6072
6078
6096
6098
6100
6101
6103
6105
6108
6111
6114
6123
6124
6134
6139
6142
6144
6151
6157
6163
6127
6125
6116
6115
6110
6082
6081
6080
6079
6077
6074
6066
6065
6062
6058
6055
6054
6053
6050
6049
6417
6441
6453
6456
6462
6470
6481
6485
6489
6502
6507
6509
6513
6515
6518
6519
6521
6526
6530
6538
6539
6540
6547
6548
6549
6550
6553
6560
6562
6567
6569
6573
6574
6577
6579
6581
6582
6583
6586
6587
6589
6590
6591
6592
6594
6595
6596
6598
6599
6604
6605
6607
6609
6611
6614
6616
6617
6621
6635
6636
6641
6643
6644
6648
6649
6650
6651
6652
6653
6656
6660
6661
6662
6665
6666
6667
6672
6673
6677
6680
6682
6685
6689
6690
6693
6695
6700
6701
6709
6713
6727
6735
6740
6748
6750
6757
6760
6763
6766
6771
6775
6779
6781
6783
6789
6793
6801
6804
6810
6817
6818
6824
6825
6826
6827
6836
6842
6843
6844
6849
6852
6856
6857
6858
6859
6860
6495
6492
6473
6420
6423
6428
6446
6458
6427
6430
6449
6450
6464
6484
6500
6517
6862
6870
6879
6881
6882
6883
6887
6888
6898
6900
6905
6919
6922
6925
6928
6929
6936
6938
6939
6949
6960
6969
6970
6980
6982
6997
7001
7003
7004
7009
7011
7012
7014
7015
7017
7019
7021
7026
7027
7034
7035
7037
7039
7043
7044
7045
7048
7051
7053
7074
7078
7079
7091
7096
7097
7103
7108
7119
7131
7141
7147
7152
7154
7179
7183
7217
7218
7220
7222
7226
7238
7240
7249
7250
7257
7261
7262
7265
7275
7279
7285
7293
7294
7295
7302
7304
7305
7308
7317
7318
7320
7322
7326
7332
7333
7340
7341
7342
7343
7345
7346
7349
7350
7351
7352
7353
7354
7355
7356
7357
7358
7359
7361
7363
7364
7366
7369
7370
7371
7374
7376
7377
7615
7589
7584
7572
7570
7663
7667
7669
7673
7679
7684
7721
7627
7652
7655
7660
7577
7568
7564
7562
7561
7559
7557
7554
7552
7551
7547
7546
7542
7541
7538
7537
7536
7535
7534
7532
7531
7530
7529
7527
7525
7523
7517
7516
7515
7514
7513
7511
7510
7508
7505
7503
7502
7501
7500
7498
7497
7495
7492
7490
7488
7487
7483
7482
7481
7477
7474
7471
7466
7465
7464
7460
7458
7457
7456
7455
7454
7449
7445
7441
7439
7438
7437
7436
7435
7431
7430
7427
7426
7425
7415
7414
7411
7410
7408
7405
7404
7403
7400
7399
7398
7397
7395
7394
7393
7391
7388
7385
7382
7381
7379
7378
8162
8161
8156
8154
8152
8143
8137
8136
8133
8128
8127
8126
8125
8123
8122
8116
8107
8100
8097
8093
8092
8091
8089
8084
8083
8076
8075
8074
8072
8070
8067
8066
8065
8061
8057
8055
8050
8049
8044
8041
8039
8038
8036
8033
8031
8030
8027
8026
8019
8018
8016
8014
8011
8007
8001
7998
7997
7992
7989
7986
7983
7978
7972
7970
7969
7966
7961
7958
7955
7954
7953
7947
7941
7940
7936
7934
7933
7931
7927
7926
7922
7919
7913
7908
7906
7902
7900
7899
7897
7896
7885
7883
7881
7878
7875
7871
7870
7869
7864
7861
7854
7850
7847
7841
7836
7834
7832
7830
7820
7818
7813
7810
7804
7800
7794
7789
7784
7776
7773
7772
7769
7762
7759
7757
7752
7749
7748
8169
8180
8202
8211
8216
8220
8221
8222
8224
8231
8234
8239
8241
8243
8246
8247
8248
8249
8254
8255
8259
8262
8265
8267
8271
8273
8278
8280
8539
8538
8537
8532
8530
8529
8527
8524
8522
8521
8519
8518
8517
8512
8500
8498
8495
8494
8490
8488
8487
8485
8482
8480
8479
8474
8473
8470
8469
8468
8466
8464
8463
8462
8459
8458
8456
8455
8448
8447
8445
8442
8440
8438
8437
8434
8431
8430
8429
8428
8424
8423
8422
8420
8419
8417
8416
8414
8411
8409
8408
8405
8404
8403
8402
8401
8399
8397
8396
8395
8393
8392
8387
8385
8383
8379
8377
8366
8364
8361
8360
8357
8349
8354
8350
8348
8344
8334
8332
8330
8326
8324
8322
8313
8320
8310
8303
8299
8294
8892
8888
8880
8865
8863
8859
8857
8855
8851
8850
8848
8847
8845
8840
8837
8835
8834
8833
8832
8831
8826
8824
8823
8818
8817
8816
8814
8813
8812
8810
8809
8807
8804
8803
8801
8798
8794
8793
8791
8789
8788
8787
8786
8783
8781
8780
8778
8775
8774
8769
8765
8764
8763
8762
8760
8759
8758
8755
8754
8752
8750
8747
8746
8743
8731
8730
8728
8726
8722
8715
8713
8711
8707
8706
8701
8697
8696
8695
8691
8690
8688
8686
8681
8662
8663
8669
8672
8677
8673
8671
8656
8655
8652
8649
8648
8647
8644
8643
8642
8636
8629
8622
8618
8610
8601
8599
8591
8586
8577
8572
8570
8568
8561
8559
8552
8551
8545
8543
9289
9285
9280
9278
9277
9273
9272
9270
9269
9268
9267
9265
9264
9262
9261
9257
9255
9253
9252
9249
9248
9247
9246
9245
9244
9241
9239
9238
9228
9225
9224
9221
9218
9217
9216
9215
9210
9206
9205
9204
9202
9201
9194
9191
9190
9189
9188
9185
9178
9177
9173
9171
9169
9166
9163
9162
9153
9145
9142
9141
9139
9130
9128
9127
9117
9112
9108
9102
9101
9100
9097
9083
9081
9071
9068
9063
9061
9059
9054
9053
9049
9044
9042
9040
9037
9036
9031
9030
9029
9027
9026
9024
9022
9016
9012
9008
9005
9002
9001
9000
8998
8997
8995
8992
8990
8989
8986
8982
8981
8979
8972
8970
8968
8967
8960
8955
8949
8947
8943
8935
8933
8932
8931
8922
8917
8916
8914
8909
8908
8907
8905
8901
8899
8898
8896
9461
9464
9466
9469
9474
9478
9480
9483
9485
9487
9489
9490
9491
9492
9494
9498
9501
9503
9504
9505
9508
9459
9457
9454
9452
9451
9449
9448
9447
9445
9444
9443
9441
9439
9438
9437
9436
9435
9433
9432
9431
9430
9428
9427
9425
9423
9422
9420
9419
9417
9413
9410
9409
9408
9405
9403
9399
9395
9390
9386
9384
9383
9380
9379
9362
9351
9347
9343
9321
9310
9305
9304
9301
9296
9312
9300
9295
9294
9298
9308
9314
9317
9325
9329
9336
9345
9352
9692
9689
9685
9684
9683
9671
9668
9662
9658
9657
9655
9653
9649
9648
9646
9643
9642
9641
9640
9630
9629
9628
9623
9622
9620
9618
9617
9614
9612
9609
9608
9607
9605
9604
9602
9601
9600
9599
9598
9597
9596
9595
9593
9591
9590
9588
9585
9584
9580
9579
9572
9568
9552
9550
9549
9543
9541
9540
9539
9537
9534
9530
9527
9520
9525
9522
9516
9515
9582
9575
9574
9569
9
9592
9587
9576
9557
9562
9556
9548
9545
9532
9531
9523
9712
9725
9731
9735
9741
9743
9746
9757
9754
9752
9751
9750
9748
9739
9733
9728
9721
9718
9717
9714
9705
9703
9700
9697
9699
9807
9810
9823
9833
9837
9851
9863
9866
9872
9885
9926
9930
9937
9948
9953
9960
9962
9966
9971
9973
9976
9979
9983
9986
9981
9985
9987
9990
9996
10000
9925
9923
9922
9918
9917
9916
9914
9913
9912
9911
9910
9908
9906
9905
9904
9902
9891
9882
9876
9874
9870
9860
9850
9842
9839
9832
9826
9822
9819
9817
9809
9805
9798
9793
9792
9786
9783
9782
9780
9778
9770
9758
10095
10096
10097
10102
10289
10287
10283
10282
10276
10275
10274
10268
10266
10264
10261
10256
10255
10252
10239
10236
10232
10231
10229
10227
10225
10224
10222
10221
10217
10216
10214
10197
10196
10190
10188
10187
10184
10180
10178
10176
10175
10174
10171
10170
10166
10165
10164
10163
10162
10158
10157
10156
10154
10152
10149
10147
10143
10141
10140
10137
10136
10135
10133
10131
10129
10127
10125
10122
10120
10117
10115
10114
10112
10111
10107
10105
10104
10100
10094
10092
10088
10087
10086
10085
10081
10080
10079
10074
10073
10072
10071
10070
10069
10062
10060
10057
10056
10052
10048
10046
10045
10037
10035
10031
10026
10025
10021
10018
10010
10007
10004
10003
10002
7626
7629
7631
7634
7637
7638
7640
7644
7647
7651
10350
10374
10373
10372
55
18
10365
10362
10353
10333
10323
10316
10293
10299
10300
10305
10308
10311
10321
10322
10419
10412
10398
10389
10385
112
136
137
152
155
164
167
175
184
186
192
197
198
199
202
206
211
218
219
220
221
223
224
226
228
232
233
236
243
244
246
247
248
253
255
256
262
263
265
266
267
271
277
279
284
287
288
293
294
295
296
297
299
301
305
309
311
312
315
316
318
321
322
323
324
325
327
329
331
332
333
334
335
338
342
344
346
349
350
352
353
356
357
359
361
362
364
367
370
371
373
374
376
378
379
382
383
384
385
386
392
395
400
406
412
418
420
431
10606
10607
10608
10618
10623
10632
10643
10650
10659
10665
10667
10523
10504
10496
10495
10486
10475
10451
10447
10601
10599
10597
10596
10595
10594
10588
10583
10575
10568
10565
10558
10557
10555
10552
10549
10547
10545
10544
10538
10536
10534
10533
10532
10530
10529
10528
10527
10522
10520
10636
10637
10639
10640
10646
10653
10673
10674
10507
10501
10500
10497
10491
10484
10472
10469
10457
10456
10426
10427
10433
10435
10441
10786
10795
10836
10843
10845
10850
10859
10903
10902
10901
10900
10899
10897
10894
10891
10890
10889
10888
10887
10886
10885
10883
10881
10878
10877
10875
10874
10872
10870
10867
10862
10861
10858
10857
10852
10848
10847
10846
10840
10837
10832
10820
10815
10813
10811
10803
10796
10791
10789
10783
10782
10779
10777
10774
10772
10771
10770
10769
10768
10764
10763
10762
10758
10753
10749
10748
10747
10745
10744
10742
10739
10737
10736
10729
10728
10723
10719
10714
10712
10710
10708
10704
10702
10700
10698
10691
10689
10688
10684
10683
10677
11860
11865
11867
11870
11872
11876
130
138
141
145
11878
11879
11891
11901
11903
11905
11906
11910
11907
11864
11863
11861
11858
11866
11868
11881
11882
11885
11888
11895
11898
35
50
105
124
49
21
32
46
8
27
107
87
75
43
22
26
69
25
53
54
72
3
45
14
92
123
122
118
116
83
62
12185
12182
12177
12176
12175
12174
12173
12172
12171
12170
12169
12168
11934
11937
11939
11944
11946
11912
11953
11955
11956
11957
11960
11961
11963
11968
11969
11970
11975
11976
11989
11990
11993
11915
11916
11918
11921
11923
11924
11928
11930
11931
12141
12148
12150
12165
12163
12157
12151
12138
12137
12133
12126
12125
12124
12123
12122
12120
12113
12111
12106
12104
12102
12101
12084
12082
12079
12064
12060
12053
12052
12043
12041
12039
12036
12035
12027
12024
12023
12022
12019
12015
12009
12008
12005
12003
12002
11997
11985
11981
11980
11977
12200
12202
12190
12208
